7027 8 81338 690391810434
7263410 902115 91732101010394

913121916442710340 20116333

 

 

 

8888885388

9288 Ι33 10 023 89 101832

Angustus

9119 46101149 521124

septenbor

9²033 55101917 58111146

October

91612 60101337 60111743

10 058 57102930 55111213

81748 5091843 4410830 5011933 45112932

82947 4710210 81

91419
10013
101641
11317
111955
0631
02233
'1856
12336
11330
11344
21842
1144
339
31555
4032
44617
5317
5195
6643

24 101731

43 44141

5111033
0 0633
0 01333
5 1107

” 13 12622

24 21149
36’.22316
3545
31210
31646

32220

4439
41831
3410
32019
674
64144

..72711 1...

19

9
2
0
2
8

11
ao
44
10
ἑο
59

’ 42

28
16

7
2
0
8

102033 88112236 82 01124

1130 ’25
11103114
0718 5
01353 l
44614 ⁰
11710 4
1133712
44417 23
31418 86
31633 48
430 57
41014 60
44549 56
444149
1641 ³⁵
’32133 22
673311
62423 4
71042 0

081120
024119
11034 3
12732 0
21411 2
3048 8
317117
4233 29
41618 42
42642 58
1111 ⁵⁹
383 59
3143252
31328 48
1411 11
6242810
7116 8
721412
81411 0

3111

· 91759

,02542

11130

11754
21430

31646
4416
41959
555
1441
14614·

εᾎᾱεπεςερΘμ-ο»

6112

Ξέ

6614
6136
62730
71113
74841
81432
9118.

μορΰὲέ,ῧῖὲ

 

