 

⁰¹⁸? 1240 125313113191111134511581411141414370501531516

12 1139125213 513181331 13441357141014131436144915 21514

3 1139 125213 5131813301343133614 914111435144315 01513

4 1138 125113 4131713191342133314 814101433144614591311

5 1138125013 3131613181341135414 7141914321445145715110

6 1137125013113151317134013531461418143014451455158

7 113612491311314131613391331144141614291441145415·6

3 1133 124813 01313131313371330142141414271439145215 4

9 11331247115913121314133613481401411142514571449151

10 1131124511571310131113341346135814101423143314471439

'3 11 113112441156138131013321544135614 81421145514451457
12 1130 1243115413 7131813361341135414 61418143014421455

13 11191242115313 5131713281340135214 41415141814401431

'2 14 11171241115113313131326133813501411414141614381444
1511131233113013113131324133613481401412141314351447

16 1114 12381148125913101321133313451357149142114381444

17 111112361146125613 81319133113431555146141814291441
1811191234114312541361317131813401351143141514261438
101111712311140 1251133131413161337134914 0141114231434

20 1114 12281138125013 01312131313341346135014 814191450

21 11111226113512461158139131013311341135414 514161427 ·

n 119122311’3112431155136131713281339135014114131414
23 1171220113012411131133131413251336134713581491410

 

24 1151218111712381149130131113221333134415551461416
25 n 11216111412351146125713 81318131913401551 14 21411
Ὶὅ 1101213111112331143125413 31315131613371348135914 9

. 27 11571211121912301240125113213121323133413114135514J
20 115512811161227113712481138139131913301340135114
29 11511251113122411341244113313513131326133613471337

 

30 11491211110 12201130 1240113113113111322133113421331

 

