 

m 516 510 54 458 432 447 444 435 429 424 417 411 44
342 56 36453 447 441 435 429 423 417 444 45 338
57 51 455 448442 436 429423 447 41044 358 334
53 456 450443 437 431 424 417 444 44 358 351 344
454 452 445 438 452 425 448 442 43 555332 545338
455 448 44¹ 434 427 420 443 47 4ο 353 346 339 332
451 444 437 427 423 416 48 41 354 347 346333 326 ¹
442 445 432 425 445 444 43 555 344· 541 334 525 320
443 436 428 421 443 46 358 351 343 336 328 321 344
439ζ431 423 416 48 41 333 346 338 331 323 315 38
435 427 449 412 44 356 349 341 333 326 347 310 32
434 423445 48 339 351 344 336 328 320 342 34 236
426 419 444 43 333 347 339 331 323 315 36 258 23ο
42441647 359 334 343 334326 348310 34 253 243
42ο 412 43 355 347 339 33ο 322 34335 236 248 24ο
446 48 339 351 342334 323 317 38 30 234 243 234
443 44 353 347 338 329 324 312 34 255246 238 229
4940 35Ι 343 334325 347 38 239251 242 233 224
40057 348 339 336321 343 34233246 237 228 249
42 353 344335 326 317 38 259 236241 232 223 244
5544 350 544 331 542 313 54 255 244 255 227 245 24
355 340 337 827 348 39 30250 244 231 222 213 24
332 343 334 324 343 35 236246 237 226 24828 439
349 040 330 320 344 31 232 242 233 222 2444 24 433
346336 326316 37 257 248238 228218 2920 43ο
545 333 545 ³1³ 55353 244234 224244 24 155 443
346 330320 310 3ο 250 246230 226 210 2ο 150 444
337 327 34739 237 247 237 227 247 27 436 146 436
334 324 314 34 254 244 233 223 243 24 432 142 432

“ 33¹ 3213Η 31 250240230220·29159 449139 428

...φ

 

 

N— ..- ——a

449944

 

