Μ-. ..ὑ-...ωα--Ἀ--ῃ

13 33 833, 12

4 0924 85
502155 47

 

03330 30

⁴ Ι3 333433 33 03333 30

3335 41

33339 52,

33930 58
3343 50
33033 54
33037 48
3433 80
5194518
403

42235

52544
0035

3
3
30340
3
0

0393311
·11515 22
303384
33354 47
33353 50
33733 00
3333 57
33037 49
3333480
433 24
437812
5935 .
53033,

03353

03830192

33333 31
73738 44
8733255
83330 59
83050 58
83537 52
9033 40

93043 27

93033 50
93550 4⁶
30833 00

21 10 035 15 303347 21

10 102248 5 33 953 11

033933 1333037 3

29 303334 0333003 0 0333 0

Argumentum lunae aequatum.

21 30333 4333539 7 03340 8 ’

3303338 33353 24

33038 0
0333

2
03953 0
71530 2
833 9
8393018

044080

0340
03734
33040
8339
8305

9532

33330
490
43538
umba
5425
51145
53035
53337
0333
03540
715
34 33430
58340
083038
0030
492324
1210955

92229 24102524

93433443077301194

93833 54 30393344 111935

30 430 59 ¹102427 59 112550

30934 5811229 00 0032

303030 52 33 740 50 0 7²

303733 40111043 44 01815

333337 20 333933 34 127

331374 10 03430 22 11743

033357
3001

33040 0

303011242

3373

2337

433030
03717

5033942... 330391...

.ο3941....

..————-—-—- --ι

030430>

 

