Tabula‘ medii cursus capitis draconis et veri ad annos domini collectos. (175 ve,

11293645 1002215 32 92936501 2 033 9 63 529175

2
8
4
5
6
7
8
9

’ 0

11
12
13
14
15
16
17

w
0
0
m
m
0
0
w
0
w
0
m
0

2183731
38216

3271112
4172118
562211

5254433·

615458
7400

754450
81388

922821
9214829
1011946
1103136
1113323

91129 331018471

11113 5, 64 6183617

8213848 34118710 0213230 6517273748
821848 3511278028 0 22932 66 7²717²9
7123842 36 0165186 1113 824 67 8164049

6233753 37 1461115 10234843 68 96039·

641527 38 1298124 10 33833 69 926319

5ΜῶΏ392ΜΜΩ
4253516 40 341450
4000415000
3165152 42 4125443
2273139 43 521756
281130 44 521384
1185156 45 6105818
029234 46 70192
0101857 47 7194141

0 91212 11204548 48 89150
02833 0 112127 0 49 828220

271547
2400
515464
451922
4245929
514156
651045
6224331
7050
812318
8204323

916645

ἨΗΜ9ωὓ4Ά309ΠΩω

0000310750
05055110252550
5000330000

914 34870 10144117
8234310 71 11 4 340

(37 vers

0005
sums
4024
4205
mmm
200

24η
num
0005

862327211232449 068511
717 324 73 02243 0 1117151
62742 4 74 12310 1027545·

68213675

319147 76
4291038 77

2104841
50855
510285
3203810 79 48328
3138080 4281233
2121730 81 3173246
122344982 663238
6261618Ι
0141412 84 7133030

4101819 78

13342188

7244038 54 05558· 112434 1 85 843642
75203155 0142917 1133043 86 8241634
616 024 36 1134929 10161033 87 9124013

5265015 57 225937
571629 58 2222947
4175620 39 811586
3288642 60 411816
891684 61 4203326
2195317 62 595330

927 023 88 10 3 026
973019 8910222038
818634 9011114031

1213832 10 8812

919111
82951
810815
72175
71472
612271
5237
53434
414293
325 31

’8543

26194
126593
17392
01823

7460015140 0004
792754 92 0202423119351
⁶²0 ⁶30 93 104435 10201151

Cursus capim aequalis Verus cums capitis

Sgrm2

119 225
1019 4220

sgr 11 2
’ 1ζᾶἀί,(1299 ¹ 020 5735
, 1300 110 1740

 

 

