Tabula Martis.

Ξ568758894ο4142

“ ξ Arm 8212992521 Taum Sngsttur. Taum 029219. Genius·

{gmgngmffmgmgngm
Ζ

10 1558 2929 0 25 2215 1525 1518 o 284 817 6 2157 5 285·

{wrm 2255 2249 7 12 2744441 22 1 ²2⁴⁵ 6 15 1146 22 8 29u46 9 58 1554

31955221814485ῃ452952141257192527568ἢ2ι 14522421

4
1
4----- 44, 44

3108¹201⁵2133738328713184328433231651847133

{420 2459192 2829 1251 945 1412455 5Μ28 849 ²m⁵49 2557926

; 30 22591588 4m47 2652 1854 2228 059 15 3 1437 0u25 2924 17,
Ι 10 2922 1220 1155 22 5 {44⁴⁶ 28 4 7 8 2037 2929 8 52 5Μ56 2456

520 5811413938 2822 2546 013 3m33 2528 2557 2628 2624 9 40 236

81 1320648 2552 2456827 22 2 1886m11 2m53 2425 16 4 943

1919457 22512491581822621155991Υ58 2144269
Ξ2ο 264584 41 21442919 544254 299156849 257557 5541512
1

4 30 3⁰³⁶ 22 1037 15 9 2044 2729 2952 8 55 2655 2229 1544 3 53 10
,mm-—

8 Wev
14 30

3²⁰ 1619 2828 28 2 1644 ιο 9819 2958924 4 0295 2625
2141

312526252642515551751929286155211666

10 949 2556 ²4561934³st² 3Δ59 1447 ζωῇ) 27362129 ¹04 733
²4 29

‚3er mn

10 2959 25854445 1129 1156 2333 22465 5294 2752 12181 5 {w

ww 013 5 8 1747 1456 29561229 2222 2529 245 1819 7 45 358
ἶ

52 2259 2249 2245 2756 6W431045 1839 2952 151 2425 2426 2946
310 2922 1841 ιωοι 2222 2524 8 88 25412 4 44 8 10 2952 22 5 2652

5Ξο 234244 8854 ὁ 34 2344438 1947 ⁵23 233 ὁ 38 1446417 2731 2211
3012722915291226171598268 521498444m⁵35 284

, 10 7 55 9 57 29 3 7 3 2Η45 2844 25 8 8 28 3²8rp4⁵ 2226 2229 2Μ26

ἒ 2ο 1461658 ²8⁵³ 2247 9 22 2916 2255 6 56 35η48 1521 1950 7 13
3¹19382383431913164403329335413401730263712

Aquam 9237. sqfu.
ξ10 2541 2 549 62724 ²3¹3 2 2 24 5 15 1444342 2252 28475 552626

18 2
²0 33

{202m1310415262m19oc⁰485181120261029418541231
74630658172212491162281629242357ἔψ2416582ο5

2847 1653 {⁸⁶36 2136 1918 1055 5 23 2217

26292219 2256 2229 28556 8141 2123

ιο 2155 294459 2744448 1519'136 2224 2655 226 2248 1415 2744 259

3
ΞΖΟ 1734 ΖΡ 49 3 &47 ²¹53

¹ 31 2350 1036 1039 2915

4 32722 Suam

ἔ .10 2855 2829 2642 5 52 4 8 ²⁷u²¹ 2959 24 0 6 14 ‹414444444344 2159 192³

20 58 2454 2259 1222 1121 214 27434 2550 1355 2951 29u54 1533

 

31 815 514 2959 1933 1845 833 5μ24 010 2221 29689165 1026

ἒ 10 1225 1029 6Μο ²r⁷u4⁵c4 2542 149 1515 5 574161297 16 3 640
*3 01549 1826 11481 25) 01945 2015813727137 2555485
1816 2511 1630 8 ...54 8 26 2452 2655 1222 14 5 5 24 opu 12 327

———·-- ..-.-. ..ι-.- ---—·—-—— ,ἡὴ-...-

992426

 

