, 62927 1833 3 9639 5101014 9102716 5 0051

7¹⁶² 581936 9 92351410262519111134318 01761
8227 15 9547 2010857 25111148 81112939 24 1232ἔ
81815 27 92121102 102323 88 1112515 44 01413 37 116 8 ·

3 9235 3910420431151050 051855 02612 49 12625‹
ἡ 914853101411 5511134 57 01126 145057 22224
92147 58102016 50111754 50 0163 1918 50 2719
92724 50102446 58112329 55 02317 1144155121421
⁵ 1426 ⁵ ²²5¹7

11811 1111

0850 27 105621 2415 32453

0133418 1162210 22036 41111

02915 6 2315 8 3626 42747

 

11634 1 22011 0 32351 51428
2313 0 3652 2 41027 615
22051 4 32326 7 42659 61738
3102111 4141181114 1111
11111 22 41111 2⁷ 1181 71841
4716 33 5923 41 61052 8150
41954 47 52019 52 61959 81111
42844 55 52720 59 62524 ⁸ 81643
5354 50 6158 59 7020 57 82136
11157 6816 54 781849 ο 82930

5Ὓῖζὸ 61833 48 72028 07 . 91117

september October

’11111 1188081124 Ι 11116

 

61420 7173418 8205618 981319101135
’ 7 018 8 349 8 4 724 5 Ξοξΐζό 9 16ἶὲωο
71616 81031 2 9240 010110 2111437

8323 973 0101040 0102738 0 0111

 

{gzssaessaeeaaeaess

 

