Tabula diversitatis adspectus in longitudine et latitudine ad 4444441444. 444843]

730 3636 3436 716 4148 3224642 4648 2247 6 4724 1648 54 4648 2024435 3147· 414
7 37483536 7 42484312 6 4624180 5 46241648 5 46242048 4 3436351
6371232126 434223475 44451740 4 41371848 4 43242412 3 3048385
5 3702812 5 40482047 4 4101720 3 35562124 3 38243112 2 2524413
43247 2547 4 37241048 3 35251745 2 26452412 2 3203212 11824441
3 26122148 3 31241845 2262441824 1 11242812 1 2403512 . 000
’ 218481848223241712118362128 . 00 00 . 00 00 . 00 0
l 024174811401648. 0000. 0000. 0000. 000

⁸0 '0 ¹0 s
4 44 4444 ζ 454 4444 Ξ 454 4444 4 4444444 44454444 Ξ 44 44

1 024 1747030002040 1 036 2848 . 00 00 . 00 00 . 00 οι
2182818471 448 2148 14 00 200 1 61234151 8364212. 00 04
326122148 2134825122 648 3248140 00 3720136 00 4312045 00 4834
43247 2448 3 2048 2012 3 1412 37122 324 3436 1 248 4612 1 412 4634
5370 2512 4 2448 340 4 1012 4048 3 1424 4236 2 1012 4712 2 1124 4634
6 37123212 5 28123612 5 21564312 4 16484536 3 1548 4636 3 10304544
73748 3636 7 2712 4314 6 2312 4512 5 1012 4550 5 2036 4642 4 2245 4411
7303636 3436 7162536 4418 6422112 4612 6 20148 4636 5402112 4642 4352536 5012

tit} 4
-553304444 Ei

303326 3712 445 2436 4642 518 2112 4612 6 2048 4836 64452212 4612 7262424 441
4 32123012 4 22444515 5 20364636 5 10124536 6 21124512 7 2648 43]
3 24124236 3 1648 4636 4 1038 4712 4 15504424 5 20364312 6 201230]
21724 45122 7484736 310204615 31104236 4 1020 4040 5 2630 361
1 02246361 00 460 2 2484436 2 248 3030 3 1412 3712 4 2536 332
0000010364536140004361400036027483240320482012
00’000.0000173643301624383014004015213402545
00000.0000.04000.0000103627361445214ξ

4444
4414

 

002οΙ

:i 444544 E 4444444 E 454544 .4444444444454 ”wit—soff

44444.4444. 4444. 4444. 4444444444·
4 44 44 . 44 44 . 44 44 . 44 44 4 4444 4444 4 4444 4454
4 44 44 . 44’44 4 4444444 44444444 4 4444444 4 4444 4444
4 445 4444 4 4444 444 4 4444 3112 4 4444 4445 3 3525 4445 4 4444 4444
4 4444 4444 4 4444 3444 3 3330 4444 3 344 2130 4 444 4444 5 4444 444
4 4544 4444 3 4444 4544 4 4444 4444 4 44444445 5 4544 4444 4 4444 444
4 44444444 4 4444 4444 5 4544 444 5 4444 4444 4 4444 444 4 4445444·
44444444 4444 4454444 4445 5444444 5444 4 4444 44444444444 4444 4444444 444

-...-.-.—-—.. . -—-=—--

Nm,

 

