Tabula Solis Tertia. 61 vem)

, Mania Aprili· Maius ,11111111 Julian Angustus
Pisce· ’11111111 6111611· Cancer Leo

u'p'..'⁸⁸m⁰ ...ις1.111.2μ.ι.2ς1.1ι.2

ηυῃ Πωη ww& mmm wsy
¹ 18 20 59 18 48 45 1747 33 17 25 21 16 6 44
19 26 26 194719 18 45 36 , 18 22 82 16 57 5⁶
261942 204558 194239 191948 1755 8
21 Ι19 3 2144 26 264613 201655 18 52 26
uffiy mum ”ww ΆΜ5 mmm
ηώο mmm ”ww unffi mmo
241728 248880 233331 28825 214426

 

251656· 258681 243217 24 585 224246
444 mmm 641.820 660
271534 278287 26263 26016 243644
’ &um ww& ηη3 ffifflss sswm
293349 292848 28263 275518 263213 ³

m

61257 οΤι2ι5ω54 2917.4 285289 2729574
1126 12459 6674744 295090 282742

2116 22255 *11131 ⁰⁰2³ss ‚²9354

3954 82058 2857 1488 6226
4858 41850 3623 28982 11918
5742 51647 4349 88556 21629
6637 61444 5115 48221 31346
7522 71288 55832 52958 »41114
847 81022 65549 627oe 5848·
9252 9811 7536 72550 6622Δ

 

16137 1060 ,85623 emo 7356
11621 11848 94746 92028 8131
115853 12 182 164453 ’101787 85912
125726 125916 1142 7 111448 956'53
13Ι 55 29 1857 0 12 39 26 1212 0 1654 34
145432 145444 13 3633 18 910 115215
1553 5 155227 143346 14 ’6 21 125956

εςβεὲὲειειξὸδ

 

161118 111016 111716

 

Ξ

914216

 

