1 71510 2 81845 ι4 9546 210920 4102624 2111959
2 8016 ⁴'I 951518 92220 9102551

5

6
7
8
9

101438 5211151147 055152
10 102551 40 11284 34 guyn 40
11110027 0155 21 104627
12 112541 15 02910 11 11622
18 0124 6 11542 8 2242
14 02858 1 2219 0 22045
15 115200 21858 1 5555
162151 ³ 1111 212214
17 2182811 5225217 496
· 1814112241112742112
19 11932 42158 4ο 51015
20 4215 52313

Β

41118 6228
41618 ⁶80
42155 4 61255
42948 62051
51152 7241

52629 71710 9752 25101041

61225 ‘83² 9234415102710
62852 81930
9810

,92246 ,111525 0...

 

*geg-agazaezss‘szzssss

00821(-

 

