 

 

 

Δ 1053 2874229 010 7132 088 99118812734510 Ο

’ 1723 156 4830 02 77 8 181044388413330528

’ 29
80

8014110004 Signorum in circulo recto,

---......Ἲ-...

 

 

1158 281 432940 8 7229 042100 68 81283351815925517
13 3 224 4430 0 5 7325 045101 18141293251616029515
14 8 217 4530 0 5 7421 04910157819113031518 16133512
1513 210 4630 04 7517 054102528241313052016237510
1618 2 8 4730 0 8 7612 05810347 829 13230522 163425 8

1827 149 4929 01 7831710539889134305251655258,
1931 148 5028 00 7859 1121063584413530527

2035 187 5127 0 0 7954 1161073184913631528168 2456
213918152260180491211082785413731529 V
2243 127 5325 01 8144 125109234013832580
2347 119 5424 0 1 8240 180110194 5139335311
2451 114 5522 02 8335 1841111541114034581
2555 12 5620 02 8430 189112124161413658217327440
2658 14 5719 08 8525 144113 84201423758217433436
28 1 059 5817 0 4 8620 149114 54281433958217538488
29 4 054 5914 06 8715 154115 2427144415821764348)
30 7 049 6012 0 7 8810 2 0 11559481 14543 588 17749 427
3110. 044 6110 0 8 89 5 2 5 11656 484 14645 588 17858 424
3113041013010911 0 2101133340114741500 Ὺ

 

 

