9¹⁰
“20
31

ἑ

r:
426
ἵ

1

,3

:4

3

 

8

 

10

30

16
ξ 26
11

10

20

30

,16
Ξ26
11

10

20

30

3¹⁰
{20

130

,ι 16
ἱ

326

31

ἓ

310

20

Ζ16

 

ξ

10

20

ἑ31

310

120
31

10

20

11

28

437
41
313

220
132
051

0L¹b m9

29129
290

2841
2833
2832

28 36
29 3
29 39

,mm

020

17
²7

39
47

524

61
741
14

16 14
11 22

12 26

13 28
14 23
15 17

¹5 57
16 29

16 52

174

17 5
16 55

2126
211
2711

16 40

16 1
1535

273
2622
2522

14 40
13 50
13 31

2455
2414
2315

1245
1146
115

10 35
10 13
9 57

2237
225
2143

2130
2125

21 34

959

1 18
16 29

16 57
11 36

2149

22 19

251

12 35 23 ¹

1111 1141
14 11

25 ’44

14 21
15 24
16 31

17 41
19 1

¹26 17
27 43
28 56

8111Ἀ314
0 10

751
92

2012 1011

21 1 1122

11 11

122

22 34 2 32

23 47
24 39
25 41

141
446
141

17 6
17 48
18 57

647

740
826

26 29

2611

27 48

28 1 1 ² 1945
2822 9 24 2614

2826 9 36 2631

945
938

921

856
821
743

643
611
534

441
357
325

35
247
244

33
118

414

411
148

648

13 33

14 53
16 4

²0 47’
14 14
20 51

20 37
2013
1940

147
23
213

214
20
137

19316

18 5
1738

1655
1556
1537

14 43
14 17
14 0

13 56
13 51

149

14 44
15 19
16 4

16 56

17 53
19 6

26 5
21 13

22 24

23 36
24 47
26 3

278
2811
2911

0·2
08

651
118

030

sagitt.

2941

2854
2816
2721

2639
262
2544

2520

25 13
25 18

25 36
25 54
26 56

27 13
28 1

295

29 58
10112

220

331

444
64

713
819

930

10 20

1120

1155

911216

41
411
118

23 22
24 1

1232
11 4 ’
1111 1417

118
636
656

24 56
25 6

13 36
13 35

1325 258

2458
2440
2411

136
1236
1159

611
141

629

1120
1034
938

2336
2250
224

132
121
416

356
34
215

21 13
20 47

1940

111
11
721
71

643
635

19 5
18 36
18 14

128
051
015

capric.

2956
2945

,29 45

Amr.
0 5

615

053

18 7
18 8
18 24

617
651

714

18 47
19 18

748
825

927 203

16 8 12 45

13 22

26 55
21 48

135
224

329

1119

12 23 2256

13 34
14 41
16 4

23 54
25 6
26 18

419
526

153
164

6461716

18 18
18 28

18 23

19 35
26 571

27 34
28110348

0103

751
96

19 43 10 ²7

2635 114 1139 2214
2144218 12 50 2326

22323 91340 2424

14 45
15 41
16 5ο

17 26
18 2
18 26

18 43
18 48

1848

18 31
18 4
17 30

1650
16 4
15 8

14 21
13 35
1252

1220
1218
1145

1143

11 53
12 14

149

1611711

,1125364125
174611

2846 167

29 28 11 3
Pium
o 5 1153

1233

131
13 21

035

055
117

13
052
029

Aquae.

29 57
2917
2858

13 41
13 44
1331

1318
1240
1159

1113
1025
928

2838
2659
2557

2517
2441
2818

841
81
725

243
2359
246

657
610
636

641
⁶33
719

24 25
²4 50
25 27

2614 7 58
8 47

939

27 12
28 14
2926 1639
op„ 28 1145

48 111

161411
4121536
5261631

 

