'2ss Argumentum Luna'e aequatum anno domini 171748.

11718 5 01053 8 01855 4
112345 18 0178 18 11750 17
3318 29

317148

0941241113780
01415 85 11610 48  

1614 47
1145157
11910 60
11443 56
1350 47
11639 89
313821
11114111
4111 8
41051 0

1111 1
’5146 6

61017 15,

616’9 27
71016 40
71115 52
71839057
8319 59
8915 54

October
81918 44

4114 8810118
91814 19101137

10 418
1011 1

11740 0

11141912...

91'182

2 111431

1617 58
11114 59

11711 59 ’

11313 52
111141
1111188
441116
41113 7

1111 2'

1141Ο 0
6117
61740
71345
71851
71151

81113 ·

81141
8138

993²
91119

November

01113 0

11111 ’ ’

448
4141
41411

4169 ·

5105
52539
61151
¹ 61815
7157
8141
81817
9516
111916

⁸ 8910147

25 101340

December

1411855
511156

101139Ι

01817

. 11456

52 10 11 15

6010135
5511034

4911118’
’11111111

19 0 11· 15
31 r‘u·

9 οα18ι4ο 6 11543

21155
01156

11854(- .

25 111511
85 111346

51 0134 5
58 0931 ··

60 0148:

⁵⁵ ⁰5737 2

14116

1179

2 2 54
Mettius

21957 a

1146
31015ἓ

 

 

 

 

