Saturnus. .

 

     

 

 

  

31 3²
Len νι-νμ
ι. 1 u g n.

 

 

³5

³3 54
Virgo uhm

Lm.
(wame-

 

 

 

14 55
14 28
14 14

2851
2813
2341

 

²² 55
²3 51
²5 4

124⁵
1150
11 13

 

 

 

 

 

 

 

 

1040
1οἘ
10 9

26 16 14 7
14 15

ι4 51

2521
27 15
21 21

27 30

 

 

 

 

 

     

 

 

ι2 26

¹³ 47
15 21)

15 q 1011
15 38

16 ²9

²7 3³
²7 56
28 31

uun·

10 21

 

 

 

 

 

¹0 44

 

      
  

 

 

2⁶1592⁶n12
25418252128
24:³⁶⁸ 12022
2357659
2³2³⁶20
2255544

 

 

 

224³
22⁴2

22 51

5 18 17 4³
5 3 17 14
4 53 17 58

   

 

  

 

 

 

 

16 41
18 2
19 ¹9

10 5¹3 17 25
18 24

19 ³3

²0 ²³
o 15
ι 15

11 17
12 19 115ὑ

¹3 ³9

 

 

 

1-1..

1 3⁶ 12 48

 

 

 

oux-omum„

zo 51 2ο 44 2 2ο

21 58

11 44
14 45
15 54

²59
410

15 ³
16 19

17 42

21 41 10 o 3 28

25 51

 

 

 

 

1140 25214 47

 

 

⁶ ³
7 2ο
Β 45

17 7
¹3 22

18 54
20 3

²14

2³ 45 24 zo
²4 ³3

25 15

13 9
14 15
1556

 

ἷ153

 

 

 

 

27 ²² ¹9 44

   
 

221 2854100215

²9 42

16 59
17 48
18 45

25 41
25 58
26 58

9 7
9 39
ιο ,1

1111 22 16

²2 44
²3 22

 

 

 

 

 

²3 21

 

2⁵5⁷
25³9
257

24 56
25 41
²⁶ 49

ιο 15 25 48
24 5

246

¹9 ³⁵
zo 15

15 24
14 ²³
15 ιο

ιο 17

956

 

 

 

 

 

 

 

2ο 5ο

  

 

 

mu
2³45
250

9 31
8 57
fl 9

2557
2³37
2³7

 

 

28 24

21 21
21 20

nrm-m·-

²94

 

 

 

 

 

 

 

   

om...-

 

 

 

 

 

 

 

 

2311

²³ 58
24 16

5 17 1655
⁵40 ¹78

 

s 3¹17&

6 17 ι7 aq ι
7 ο 18 5
7 55 18 49

25 ι
²⁵ 57
27 2

 

28 8 8 58 1940
1) 57'2035

1110 2144

29 15
mm
⁰ 35

 

 

22 48
²3 58
25 13

1 49 12 21
5 5 13 33
4 19 ¹4 48

 

5 3016 ο 2624

6 30 17 1³
751 1822

²7 4³
28 58

 

9 4³ 20 ³³
10 30 21 26

1 7
210

 

 

 

 

21 59 7 29 2249 21 7 17 16 29 30 11 10 22 14 3 3
21 12 5 ³⁶ 21 4⁶ 20 44 1717 ²9 47 ιι 56 22 52 3 52
20 22 5 36 20 54 42 20 7 17 11 ²9 55 1157 23 26 4 33
1942 4 39 19 57 1929 1612 2947 1² 6 ²3 44 5 61
19 1⁰ 4 1⁰ 18 Β 4 1 18 42 16 22 29 32 12 0 25 56 5 24
1846 4 29 1820 ³ 6 1746 1541 29 2 1145 2³50 5 34

 

 

 

 

 

 

 

 

 

 

 

 

 

   
   

2827
2744
2552

2 20
l 4³
1 19

14 58
13 56
1³43

1649
16 7
1⁵³6

18 37 17 55
17 13

1⁶59

 

 

1841 3 49
1851 2 46

030
ιω
2930

 

 

 

 

Κ

 

 

 

 

 

 

 

 

 

9⁶11*

 

1120 2340 5 ³⁵
1042 2320 5 28
9 53 2249 5 8

 

