’ 101132

·. 102726

· 111312 30

58 101014 ,1

⁵ 60101444 :

55 102212

4511333 ·

9276 25.1⁰¹54 82111848

19 101255 15 11015

9102836 5111539

20 0332

10 01913 ·¹

3111555 10256 31632

0 0235 001933

2
8

01911 4
1540 12
12142 22
2629 85
21852 48
22728 57
3227 00
3747 57
31625 48
3285135
41327 22
4293812
5168 4

62470

. 7623,

1612

12247

296
22440
3831
31914
32559
4032
4119
41737
51“22
31633

639
61923

012311

2 21049 ,

22619

31221 4

32714
495²

41842 .

423521

4291

5724 ’
51937· ’·
6418 ·
62016 2
7644 ·
72321 1

81011

 

 

 

