 

 

 

,gaessaessae'ffiaeaess

nu· 121412271240 1253135131813311344135614 91422141851446

121612291243125613 813211333134613591412142514381459
1219123112451258131913231336134914 214151427141401453
1229 1233124712 0131213261339135114 41417143914431451

12221235124813 1131419211541121114 71120111114401111
’ 1224123712591331311113291343135614914Ώ14351448151
¹ 12251238125113413181330134413571411142414371450151

12271240125313 113191092114111511111142011191452111
122912421255138132213341348141141514281441145415
1239 12441257131013241336135914314171430144314561510
123112451258131213251338135214514181432144514581512
1233124612591314132613391353146141914331446150 ¹
1234124813113151328134113551481421143514481521515

12361249132131613291343135614 914221436144915 3151όέ
1217125013 31316133913431356141014231436145015 315111
1238125013 3131713391344135714101425143714501541517
1210125113 41318133113451358141114241438145115415111
1249 125213 5131813321346135814111425143814511541518
1249 125313 61319133313461359141219261439145215 51519
1249 125313 6132013331346135914121426143914521551519
1241125313 61320133313471359141214261439145315 51510
1241125413 7182013341347135914131427144014531551520
1241 125413 718201334134614 9141314271440145215 61529
1241125413 713201553134614 014131427-143914521551519
1241125413 713201353134614 014131426143914521551519
12417125413 713201333134614 914131426143914521551519
1241125413 713201333134611 414111415143014511551510
1241125413 7132013331345149141314261439145215 51518
1241125413 713191332134514914121415143814511541518
1249 125413 613191332134513591411142414371450153 1517

’,ο--

.- -......-. ——ae

9119614

 

 

