210) 1999 411119 bomini ‚Argumentum Lunae aequatum incipit.

,ὁ 85 5 6259 2 728ῌ 5 81542Ι 2 929ώ J

6245014 7'1014 6 815913 9226 910547

71020 2517274919 91324 9183118192244

8 13 9 31 9 15 34 37 29 3 53 30 21 6 21 .

7 24 45 88

8628 45 82633 44 92729 50 291427 44 212831 ·

82426 57 5519332 57 292644 54112649

9633
8194 69
82443 55
946 45 92434

9 17 14 32 10 5 47. 40 12 8 0 84 22 26 38 40 9 28 46 a

91237 59 101027 60 22 337 39 9139 .1

91714 58101555 5522822 58 078 .

52 29 25 7 ’ 40 22 23 47 52 9 16 4

27 22 22 39 21 9 29 42 27 2 23 38

25 9 9 6 11 ο 26 28 16

19 2 17 21 29 19 56

19 28 27 10

22 5 39 1 29 44

22 22 0 6 9 25 38 3 2 22 38 7 2 1ό 13 “

22 4 59 8

22 22 37 0 1 2 22 23 6 2 9 42 0 3 ι2 26

9 8 35

. 2 o 25 26 3 19 44

6811 ’11 12854 2 21553 ⁰

9 24 52 7

2 25 29 7 4 6 7 .

2 22 29 16
2 26 48 28
2 29 44 41
2 21 36 v 52
2 28 3ο 59
3 3 11 59
3930 54

435180
4 28 59 18
55148
52141 2
6 8 27 0

2 22 33 8
2 28 24 11
2 24 29 22
22939 85
3 22 22 47
3 22 24 56
32634 60
4 1 32 57
4944 49'
4 22 48 87·
3 6 23 24
5 22 21 12
6 8 48 4

6 25 21 0

325017
3 17 29 27
4 1 34 40
4 12 39 52
4 19 5ο 58
42425 57
3 ο 38 54
3 19 46 44
5 24 15 31
6 9 38 19
6 25 52 9
7 12 25 2

22940

32303
3429 2 10
4 5 8 21
4 29 18 33
53946
3 12 24 57
5 17 6 60
3 22 49 57
6 9 47 Ι 50
6 12 37 88
6 27 6 25
7 22 59 14
7 29 16 5
8 16 6 0

4 22 29 .

5813

5 22 26 ·

6343

6 11 7 :

6 15 45 .

6 21 44
7 1 37
71458

8 9 18 ·

8 16 29 1

9 3 ²
9 19 41

. . . . 9 2 42 0 . . . .

 

