 

 

 

118

16445 141524 3 42222 1

264826 6
3 4444 45
¹ 4 42625 27
2432 82

5
6
7
8
9

10
11 ¹
12

14
ζ15
16
17
18
10·
20
21 9645 544666
ῃ 9746 59 46544
23 94446 59 464649

445544 ³

Δ 5425510

52846 20
44552 62
4444 ⁴2

5646 55,

54445 66
54745 58
52452 51
6624 89
62642 27

A ’7 656 15

72254 6
89³9 1
82611 0

91147 4

54454 1 44656

54454 5 5 544

44554 1⁵
5455 2⁷
54642 88
54454 ⁵⁰
6554 58
64649 60
6444 55
645254 44
7646 3
44554 2)
4454 46
82644 3

94646 0

92956 2

92946 12 464625 7

464459 18 44246 16

4425 5 48

44245456

’44 26 22 00

6454 57

·44 65284 444847 25

6246 41
64257 52
64948 50

62422 59

52925
Ι6458
64859
64454
7552
4855
44556
72724
84424
8²79
94528
4666
464647
44 524
444954
6558
62652
4552
44256
44748
42249

47 44 952 52 6466 48
35 442628 40 62256 35
22 6446 25 4745 28
11 6494818 4254212

24947264846496 465-54 247

25 92334 4144445 44455 47 24547

26 464552 28 444655 4250 30 22754

27 462946 16 6255 2462718 54554

 

28 444529 ’7ι 649 5· 4 466 8 21952 4 22744 84626

29 624 2 4542 042244 2 226480

30648440....

54748 2 44655

29240.. .329580·..

Ἣ

446248

 

