888) 0161112 proportionis Tabula proportionis Tabula proportionis

De1oinro Desins De⁶i1¹⁶

1012 31 612

10631436

2024 32 624
3 03633 636

1 012 32' 312
018 33 318

 

 

 

024 34 324
030 35 330
036 36 336

042 37 342

p 048 38 348

y ο54 89 554
10 40 40
164146
112 42 412
118 43418
12444424
130 45 430
136 45 436
’142 47 442
14848448

154494.
2050
; 2651

j 212 52
λ 218 53
22454
230 55
236 55
242 57 342
248 58 348
254 59 554

Ι 306060 -

648

70

748
8ο

824
836
848

004

912

9²4

936
54848 948
40 50100
412 511012
424 521024
436 531036
448 541048

3055110 ·

51² 561112
324 571124
336 581136
548 591148
60 60120

541194

 

 

 

