 

gzs'aessaaaeaeae*''i3

11 5:⁸³
4

22 34 22
23 33 9
24 33 9

23 32 33

26 31 36
27 30 40
28 29 25

29 28 10
Arm

02655

12540
22444
32354

4231,
Ι5228

Ι6 21 15
11438
81841
917 ²4
1016 7
111450
121522
131133
141028
15 9 1
16 134

1767

1828

28 ,34 34

’ 19570

20 54 26 4
²¹ 5Ι 55

224925 ,

23 4⁶ 33
’24 44 23 ·
25 41 54
26 39 20
27 36 43
28 34 10
29 3¹ 35
omen·
o 29 0
1 26 18
2 2336
3 20 54
4 18 12

” 5253ι

61246
7102
8718
9434ι
10150
105855
113341) ⁴
125235

13 49 3ο

14 46 25

154328 ...

314044

 

 

