December
6 4· 9 22

62940 4

744 ·

71557 “
7233 ’ῑ

702 72650 .
2448 8228 ⁴
71734 8¹323 ‘⁴
72425 ¹ 82636 1
8829 92249 2

' 82429 928274
92054 202432 <
92730 22 28 ’
7256 202422 22285 2

22922 8228 ' 22942 22422 τ·

8559 992018 ¹ 222725 020401
82932 92444 301013‘3 o 315 1613 ‚-

9623 38 202423 44 202722 02758 2200 22

ὣὲὲὲέΕΞω-ομοι

92827 50202826 54 22927 1018 ²039 ⁴

‘4¹

92636 521 202440 59 222432 2848 2720 ’·

10 222 50 202928 58 222233 2242 22255 ··
2062655 22 624 52“222753 22920 22825 ··

202554 47 222727 40 0650 44 22752Ἰ 22929 ‘²

202848 43 0232 26 02936 22022

32225 »·

222352 21 027816 2432 ¹ 22522 32827
22 29 20 11 2 3129 7 220 34 322 22
Auru-tu

02632 3 2204 1275 32829
September

235 0 2644 0 22342 42436

October

229241.... 22922 . 2929

42444. ³
2229 2
22829 ·

...ορῧὲὲὸἶέᾎὲ

 

 

