0151115

1 ,

955101107101310181023101010351040104610511057115 >

051 95610 ’1107101510181014102910551040104510511057
047 952 05810210810121018102310101034105010451050
041 947 055 9571011071015101810141028105510381048 ·

¹ 9-389439118952957102107101210171022101710321057

055 938 045 947 051 95710110610111016101010251050
010 933 058 942 947 951 05610010 510 9101410181015
014 928 055 937 041 946 050 954 05010310810121016
010 924 018 932 057 940 044 948 051 957101105100
915 919 923 927 051 935 058 942 046 950 054 958101
010 914 018921 015 929 051 936 040 944 4047 951 056
06 99 015 916 010923 0117 930 054 937 041 944 048
9Ι 94, 98 911 0141918 011 926 018 931 054 938041
856 859 0495 00 912 015 918 011 925 018 931 054
851 855 858 940 05 96 00 912 015 918 ,011 924 017
847 850853 85585890059600912015 917 010
841 845 848 850 851 855 857 990 05 95 08 910 015
858 840 844 845 847 849 851 854 857 859 01 93 06
855 835 857 839841 844846 848 850853 855 856 855
818 830 851 834 856 838 840842 844 846 848 849 851
815 825 817 828 850 832 854 834 857 839 841 842 844
810 820 811 823 814 826 818 829 850832 854835 857
814 815817 818810820811 823814826817 829850
80 810 811 813 814 814816 817 818 820 811 822815
84 8586878889810811811813814815816
750 808182818381858586878880
754 755755 756 757 757 758 7597508081 81 81
750150750151757151757151757155757151755
745 745 745746 746746 746 747 747 747 748747 748
740 740 740740 740740 740740 740740 740740 740

— .---.

011000

 

 

