ἶ Medius motus capitis ad menses et ad dies. ((Ξξὸξῖἶζῖ)

13 212 148786

13 522 142047

&SM mmm

131144 14478

131455“ ,. 145019

61049 13186 145330

7 10 720 13 21 17 145641‚

¹ 8 101030 132428 145951
9 101341. 132738 15 8 2

 

10 101652 13 30 49 15 618
11 10203 13340 15924
12 102314 13 37 11δ 151235
13 102625 ¹ 134122 151546
14 10 ²9 35 134333 151856

 

15 103145 134643 Ι15228
16 103557 134954 ,152518
17 1039 8 13535 152829
13 104218 135615 153139

19 104529 135921 153456

 

20 104840 14 238 1538 1
21 105147 14 548 154112
· - 2210557 14 838 154422
23 105812 Ι 1412 9 154733
24 11123, 141520 155044
2511437 , 141831 155855

’ 142142 15 57» 6

 

142253116018
14284 16 827Ι
143114 16638*
3ο 112028 14 34 25 16 948
31 ··· ·.. 161258

———..—--——

 

’01 114 4

 

