3²5 315 34254 243 233 222 212 22 151
msam 322& mo2w Η928 ηὸΙΗ

31534 253242 232 221 220 159 248 137

313 32 252 240 229218 27 156 245 134

82030 249238 226215 24 153 242 131

38 257, 246 234 223 212 2 2 150 238 127

3⁶ 2'55 244232 222 210 258 147 233Ι 1243223 12 050
34253 242 230 22827 255 144 232 121 220 058 047
32251 230 228 226 24 253 141 230 118 2’7 055 044
25⁶ 248 236 224 223 21 250 138 226 115 24052 040
257 246 233 222 220 159 247 136 224 112 2 2 049 037
235 244 232 220 28 156 245 133 22219 058 046 034
234 242 229 218 26 154 243131 229 17 054 043 032
252 240 228 216 24 152 240 128 226 14 052 040 029
250 238 226 214 22 150 238 127 224 12 050 038 027
249237 225 213 22 148 236 124 222 10

248 236 224 212 2ο 148 234 123 220 058046 034 022
247 235 223 2-10 253 146 233 121'i 9 056 044 032 020
245233 222 28 256 144 232 119 27 054 042 030 0127
’24423222927 254142 229117 25052040027 025
24323022825 253140 228115 23050 038 025 022
242229 227 24 252 139 226 113 22 048

24222822623 250137 224112 059 046 034 02100

 

242 22822522 249 136 224111058045
242 227 225 22 249 136 223 110 057 044 032 018 06

&aessssffiaeae‘ss

240227 224 21 248 135 222 19 056 043030 01704

240 227 224 21 248 135 222 19 056 043 030 017 04

κ---.--.-.

 

