Tabula Martis. · (221111

’ Ξ 12 14' 14 15 16 11 18 19 20 21 22 21
Gula· 8011121121 Taum 1211421 Taurus 11110111 Virgo Ario· Lam Aries Squ'u. 'rm
ξ ἓ 8 ¹¹¹ l '¹⁸ 8 ¹²¹ Ι ¹⁸ 8 ¹¹¹ 4 '¹⁸ ’8 '¹¹ ἔ ¹¹ 8 ¹¹¹ 1 ” 8 ¹¹² l Ι

810 1526 1810 1 20 3 35 2554 2142 010059554 2828 21504 2540
820 1820 2558 528 1152 2756 2817 288852 15102059 2855 7 251241
888312426488827102120570888186888884228552054178688888151152015

10 2052 1211 15 8 2840 5 56 15 0 20 01285813915 0 15 0 2645
{20544 20520168185720 2110 088824588487 946 206 1356 58822

'³30 1120 2755 2546 1527 1155 20 0 2 55 15 58 228 0 111705·

10 1724 5888812 29049 2050 1651 688 526 52015 726 5888885881 10491655

38888 ²³¹9 2228 ⁶ 8 2820 2215 1330 0 40 ²⁷st 8 10 1044 5 59 2242

8 31088420581242688821275821541455488858011241818435 010

10 612 2746 1846 1550 2888182 2855 1022 1140 1525 2c5m16 lgm& 7251
ι820 121484024η5020550 052824ὦ145 18271620146 2957150

501845 115017 2721 1456 1110088286 255 2155757 2952 1935

0311141 - cam 331212.
10 24401842 7 5414216 100625 14525581425 2 22 261

11 Sem.

{20 18882825ω151242111127ᾌ12205η5712558421552055 3-11 288850

8831 810 2 6 2052 1815 4 51 2 46 1047 1522 8 21 2757 7 8 025

i10'34388 ³²1⁷98²cffn¹² 1189 7 2714 2251 1445488858 1121 154.

ἒ20 2124 1251 0 58 0 40 1855 15 53 02810 2051 1024 1626 220

3Ῑ 2742 Ῑ93Ῑ ¹¹ 7 7 9 2333 2239 Ι939 4 3 28 2 Ῑ724 2246 2938
14114337.335’.11 ¹

1051224551811247150284174011555125502021551.

5241 12 7 2916 9997 1854 0 58 5 888855 9930 17 6 1140 2958 4 42

·’88830 1847 5 88184 2 30 2041 1640 1056 2 27 25 Ι6 10406888 8886 1144 1012

10 2540 7 580 42050 247 1518 0 28 2850 26μ57 1211 1850 2454
scorp. 110 335111.

82023885716563551172010171648884148884851816255160888855

311018101324218 2140233123121131131223133833141

5101752102718888480102016580881628888441620215188888811050 1416

z{20 9991 8⁵24 41248 ²099? 4 33 1014 2142 2840 6 40 1748 ²039

z80 1 457 01645 1448 2 55 8 46 1822 265268118 8861255 25 3 ²715

' 10 0 3 425 2459 16²² 108 1315 ²⁶ 9 1888843 1352 1855 2888186 38888381
8201640 2759 18885885 1447 18 0 1456 4888880 6 28 2158 2419 9 36 9 56

 

831 ²5 0 211141102112455265516612501202055088828617501851

capae. Aqua. 13123
510428195113091934180113016141413334402414

320 1012 2015 2848 441 1224 1654 2810 107 15 7 1120 48888 4ο 1388882887

8831 1855 2158 4888 55 2988483 21 8 1524 68888 482 2145 2525 1628 0 50 8 2ο

2528 1225 2722 20 5 1338 1420 2555 0 8888846 2221 1627 1452
1 20 4384 2331 1233 2521 8888813 944 220 2414 8 8 2⁶17 2321 2110

28040 28 1 2641 2514 1258 5 44 2810 2425 1414 2936 2858 2618

 

