“³¹ 311 259 246 234 111 29 156 144 131 119 16 056 041
313 31 148 283113 211 159 147 134 122 19 057 044
315331512391162141115013712511311048
317 35 253 241 229 217 25 153 140 128 116 14 051
3103815624401312201815614413211018056
32331215924713522311112014813611411210
317315332511392271162415214011811615
330318362541432811102715714413112014
33332131025814723411421110148137125114

ι,333 324 313 31 150 239 118 215 14 153 141 130 118
3393283178525424813122019158140185113
’3433323213915824713622511322151140118

 

346335 316313 31251 140229117 26 155 144 133
1501113111113115514411111111111144131
354343 331 321 310259149238117 21615 154 143
357 346 336 325 314 33 153 243 131 221 110 159 148Ι
31 350 340 329 319 38 258 247 137 226 116 25 1⁸54·
33 355 344334 313 818 33 252 141 231 111 2101οχ1
39359 349 339 318 318 38256 ,247 236 117 216 16.
31343 333 343 533828 313182251242131222111
· 31747 357347 337327 31888158248138228119

 

321 411 41 352 341 332 323 313 3 3 254 244 234 245

 

3²⁶ 416 46 357 347 888 320 819 39 10 130241 131
3311421411 42 552 848 335 325 31686 156247 ²39
334 425 416 47 557 848 340 881 311 812 39 254 245
339430421 412 43 354 346 337 318319 31031 151

343435 426417 4940 351 843 334326 317 88 3ο

348440 431 423 415 46 358 349 340332 314 315 37
333 445 437 428 410 418 44 856 341 339 331 323 315

 

31838381ῄὲὃέ

357 449441 436425 411 41042 344346 338110 322
-ssm - 1 ..s

93102131

 

