 

u 240227 244 21 448 185 424 18 055 042 029 016 05

259 226 245 20 447 184 420 17 054 041 028 015 0 21
,259 226 245 20 447 184 420 17 054 041 028 015 0
259 220 245 20 147 184 120 171054 041 ⁰²8 015 011
259 220 245 20 447 Ι184420 17 ο54 041 028 015 ο 13

A* 259 226 245 20 447 184 120 17 054 041 0²⁸ 015 0 ¹2,

·.Ι 240 227 244 21 448 185 121 18 054-041 028 01504

259225 24520 447 184 420 17054041028015011
239227 243 20 440 184 420 17 055 040 027 014 001 ”
’240 227 244 21 446 184 424 18 055 040 027 014 01

240227 24421 147 184 424 1805404102801504ι
1

“ 241 22821522448 185 422 19055 042 029 01602 ,Ι
J 242 229124622449 18042219056 042 02901002
242 229 24028 450 185 425 110057 048 05001705
2432802472845018742511005704805001705

 

24428124824454188424111058044 054 018 ο 4Ξ
245 282 249 25 152 189425 112 059 045 052 019 05
247 284 224 27 454 140 427114 44 047055 021073

249236223210 457 148 450117 45050 057 024 040
251 288 225 212 458 145 452 119 15 052059 026 012
255240 226214 20147 454 121 48055 042029 015

 

254 241 228 215 242 149 450 128 440057 044 081 047
256248 250217 24 151 458 125 112 059 040 082010
258 245 231'219x 26 158 440 127 1.14 l'l 048 085 022
50 247254 221 28 155445 129 445 18 050 087 024
52 249 256 228 240 157 445 182 449 16 055 040 027
54251258225242 159 448184 424 18055048 050
50253 240227 245 22 450 187 424 1110511045 052

4825524328024825 455440 42811242050 037'

 

 

