Asgumentum lunae aequatum.

ι Feri· vu a Ferit 11 ι

3²3²? 5144 2 61740 7441 1 8817

 

4102 6039 7 7411 72116 7 82449
, 42617 · 6165610 72015
¹ '51151 , 725528 8511

51517 71615 41 81754

6614 72719 52 81655 91822
61252 ’ 8450 589212 92526
61726 8845 59 9711 1005
6247 81515 54 91527 10620
7446 8153848 92754 101650
71855 9917 8010125 1101
846 924451810285 111525
811915 , 10111 111455 0158

111

11101112

9740 102735 0115 01812

92558 Ι 111414 01752 1451

Augustus
7 101014 0044 1429 12030
September

102646 01725 12055 282
october

111256 1556 2450 22416
11285 11855 22110 5940

01125 - Ι2218 5515 52511

0218 · 21215 51152’ 4522

 

02615 21816 5167 4756

 

1159 22250 52122 41414

1915 2 · 5017 4050 42120

11141 11111 41145 5111

1450 11541 41841· 21 51627

22046 41124 10 41452 11 624

5711 42748 5 6127 8 61825 7
52548 51425 1 6181 0 7450 l

130 41027 Δ. 6151 0... . 71140 0

—-..--..- . -- ——-—.--.-.- .. . ....

147246-

 

