 

 

 

 

l 8 25 44
2 9 12 18

3 9 28 33
4 ιο 13 57

2 9 29 18 0 1ο 16 22 2 11 19 57 4 0 6 38

9 ιο 15 49 12 11 2 56 8 ο 6 27

18 11 1 46 23 11 19 12

30 11 16 23 86 ο 4 40

5 10 27 59 44 11 28 31 49 ο 18 23

6 11 6 52
7 ιι 14 0
8 ιι 18 14
9 ιι 25 49
10 ὀ 6 40

11 0 20 44
Julius

12 1 6 20

13 1 22 40

14 2.ιο 43

15 2 25 53
16 3 12 32
17 ³294
18 4 15 1ο
19 5 ιο 13
20 ’5 13 ιι

‚²22

5 22 26
11118
6 2 51
6 ιο 49
6 22 39

7 7 8
7 23 ¹
8 9 28
8 26 8

9 ¹² 44

1 2³3 , ²23 ²³3 εἰς 23ae εει aze ²33 123

54
59
58
52
40
27
17

7
0
0
3
10
21
32
46
56

ω Α

57
50
38

ο 6 51 57
ο ιι 52 60
ο 17 1ο 56
ο 26 6 47
1 8 48 34
1 23 38 22
2 9 46 11

11999.
2 26 15 . 4

11111 ⁰
3 29 33 l
4 16 9 6
5 2 31 15
5 18 15 27
6 2 28 89

25 .

14
5
0

0 . . .

ο 28 49
'¹ 5‘17
1 .9 53
1 16 43
ι 27 31

2 ιι 23
2 27 ο
3 13 17
3 29 52
&namur

4 ¹7 33
5 3 12

5 19 4²

18 ο 22 26
30 1 7 ιι
4³ · 1 1911
53 1 28 6
59 2 Ι3 18

59 2826 '

52 2 17 6

,41 2 29 35

28 3 14 22
16 4 0 24
41614

5 3 30
October

5 2ο ιο
6 6 46
6 23 9
7 8 58
7 23 17
8 4 48
· 8 12 26
8 17 8
8 22 55
9 2 32
91148

9 13 4 8 ιο 0 5 5 11 3 41

919 41 ⁰

10 16 41

. 11 13 21

...-,.-------

1 11 21 18

0 . . .

946649

12 0²³34
23 1 9 51
35 1 25 25
48 ⁸ 2 1ο 12
57 2 19 54
60 2 26 37

3 1 11

1148

56
48
85 3 18 2
22411
12

4

0

1

6

41718

1111]

5 2ο 29
6 7 8

61141

November =

15 7 1ο 19
25 7 26 29
89 8 11 44
51 ¹8 25 1
⁵⁸ 9411
60 9 1ο 42
55 9 15 24
45 91111
32 ιο 4 17
20 1ο 18 36
10 11 4 18
3 11 2ο 42
0 ο 9 18

. ο 23 58

.....-.--..,....-......----

2 1 1ο 34
7 1 27 5
17 2 13 8
28 2 27 58
3 10-33
52 3 19 22
. 3 24 25
3 ²9 40
4 8 6
4 17 2ο
5 5 3
17 5 21 2
8 6 7 26
2 6 24 6
0 7 1ο 47
8 7 27 21
nn 1
9 8 13 47
20 8 29 39
³2 9141
45 9 25 51
55 ιο 3 42
60 ιο 8 31
58 1ο 14 7
52 10 23 31
89 11 6 15
27 11 21 39
15 0 7 46
6 ο 24 18
1 1 ιο 55
0 ·. . .

 

—-

