 

 

 

18 6 37
19 6 ιο

20 5 44

⁹ 11 5 17

11 4 51
23 4 5
²4 3 19
25 2 33
16 1 47
27 1 2
28 o 6
28 59 10
²9 58 14
Anu

o 57 18
1 56 21

’ 25514

’88δέἓὸἃὲὃὸ

Β

5548
4 53 1
Ι5 51 55
6 50 48
7 49 ²4
8 48 o
04636
10 45 11
11 43 39
11 41 17
13 41 7
14 39 47
η38μ
16 37 0

fflssss
maeffi
20 80 85
RQ&
mmm
23 25 51
24 23 28
ffimw

2⁶ 20 0
mmm

111515
161119
orffa
11029
1555
5516
4115
5111

5911
55511

7 55 44 '

ΒἏΜ
9 50 44
10 48 14
ΠῶΜ
ῺῶΜ
fflssffl
Mfflffl
15 87 85
mffiae

17 35 33 · ·

17 33 20
18 3ο 7
19 17 51
io 15 38 ·
21 13 15
11 20 53
13·18 11
14 15 5ο
15 13 19
16 ιο 47
21156
18 4 14
19 1 11

21580
0 54 48
1 52 55
2 5(1 51

54851

44121 “

5 44 21
64151
15851
8564
41511
16 3ο 38
11 17 53
11 15 6
13 11 19
14 19 31
15 16 45

16 13 57 . . .

1414416

15 46 56
16 45 55

, 17 41 11
18 38 17

19 35 44
20 32 59

11 3ο 13

411 17 17

23 24 43
14 11 56
15 19 15
16 16 53
17 14 11
18 11 51
19 Lg 31
o 6 5
1 4 1ο
1 1 5ο
1 59 1ο

556 5ο

· 45426 ’

5522

64158 .
’ 14114

8 44 49
1141 52”

ιο 40 14

11 37 56

’ 115558

13 31 1ο

14 51 14

 

 

 

