 

9935 2101412 411812
92710 71104211111748
101328 15111645 22 047
410293 28 0139 34 01947
’5111255 41 01418 46 1345
*611224152 11444
'7 002859 12145

12621
2252
21356
22530
3856
1180

Aprili·
4 14 44

5122
5181
ὁ414
62046
780
71957
71950
8114
81032

81141

82850

01118

01814

01711 3101418
1101431 011119
0... ,111811

02150
1824
12446
21029
22436
3551
3126
51742
11118.
4549

ἓδὲἷὸἷὸἓὲὲὲέ

41714

ὃ

5235
51847
6517
62159

Juuiun

7817

9
2
0
2
9

72511
8226

5253

9053
91030
92049
92714
998 5610150
52 91813 4710724
40 10 059 84 101943
27101556 2211336
161112111111914
6111831 3 0533
1059 00228
0... . 1848

 

