1 8 26 37 1 10 0 12 9 10 17 14 5 11 2ο 49 10 o 7 51 4

2 9 13 3Ἰ 14 ιο 16 23 19 ιι 3 41 13 · ο 7 4 18 0 26 20

3 9 28 37 ’ 25 11 1 46 31 11 19 37 24 ο 22 3ο 30

4 ιο 33 2ι 38 ιι 33 33 44 ο 4 ιι 37

5 ιο 23 8 50 ιι 23 ι6 54 ο 16 ιο 49

7 ιι 7 32
8 11 13 27
9 ιι 22 49
10 0 5 49
11 0 20 54
Ι 12 1 6 21

18 ι 23 33
14 2 ιο 9

15 2 26 3ο
16 3 13 24
17 3 29 44
18 4 15 23
19 8 29 21
20 5 10 17

Β

3 ι7 ι8
3 2ι 36
3 28 ι4
6 8 31
6 22 6
7 7 32

7 23 47
8 ιο 29

8 27 1

j 233 εὶς 2³3 253 23³ 251 2³2 22³ 25³

31338

60
55
46
33

21
10

3
0
2
7
6
27

41

52
59

59
54

43

ι 06

18
8
2

0 ιο ο 38 0 10 ι7 36
2 . . .

ο 6 ι 58
ο ι3 33 52
ο 24 24 40

ι 8 33 27.

ι 24 ι3 16
2 10 34 7
2 26 23 1

31343 ⁰

’ 4 ο 23 3

4 36 37 11
3 3 2 21

628 26 43
7 10 26 37

31433 ²4
8⁴10 54 13
8 27 22 5

31338 ⁰

Ἰ 6 11 3 2 57 ο ι 2ο 59 0 ²4 48 57

o 29 16 60
143356
ι 33 46 47
1 26 33 34
2 ιι 34 21
2 27 39 11
3 33 27 8
4 ο’4ι 0
4 ι7 26 1
31416
3 2ο ι3 ,16

6 6 3 27

6 2ο ι2 40

7 1 21 52
383358

’ 7 ι7 ι3 59

7 39 2ο 54
7 29 24 44
8 ι2 ι3 31
8 28 ιι

9 14 24

ιο ο 38

. ιι 4 ι3 2 .

1 6 6 43

⁴ 1 10 17

1 24 38 ι

2 7 ιι
2 15 35Ι
2 2ο 48
2 25 54
3 4 45
3 17 29

, 4114

7 23 48 46
8 ι 9 55
8 6 43 60
8 ιι 34 57
8 ι9 28 50

9 ι 33 36

4 ι8 22 ’

3 448
3 2ι 24
6 8 4
6 24 33
7 1¹ 3
3 4848
8 ιι ι

8 22 24
8 29 32
9 4 32
9 10 ²7
9 2ο 19

31334 25111338

19 ιο ι 33 14 ιο 18 2ι
9 ιο ι7 38 5 ιι 3 2
2 ιι 4 33 1 11 21 33
0 ’ 11 2ι 9 0 o 8 13

. o 24 32

 

