¹³ mu) Tabula Martis.

 

ιιι-ι. ὒιιιιι1ιι1 ‘iq-ortu ῡιιιιιιιι Anarta
ιι f - ς ιιι 1 ιιι g ιιι

 

⁴:20 8 3² ιε’-(28 2917 12 2
,wa-‘rm

311528 3 32 7 52 1837

1916 28κ52 5Pm511922 2229 1455 7 35 29'36

m

,10 2 9 2113 2234 6 211126 24 6 28 “9 1518 1449 1555 ⁰ 8 3V 44
2746 3 57 1435 2147 0 5416 ³ 1553 242⁵

 

ἔ 10 2129 10 31 15 41 ²52qu 5⁹¹3:ss 9 3 22 35 2511041 8 56 17 55 215ω1ἒ 2313
“ 20 ²7 26 16 55 ²³3m¹18 ο 12 1514 14 26 227139 o 4 15 55 ²032 ο 36 2127

3ο 3μ7 2313 0 ¹9 6 54 2055 1944 7 31 a ³0 2332 2456 7 ⁵0 21 2

 

 

rum

ιο 8 22 522³ 7 49 1154 ²82³ ²23⁷ 15 13 9 48 o 57 2736 15 0 25 5

ἐκ) ¹³ 2 5441446 18115Π47 046 22-'34 ¹5 7 814 ²1⁷ 50 225 2451

31, 1755 1247 2232 244314 6 7 57 o 22 2916 16 Β 9 3¹ 2957 2825
m 1 σιω-ιι ωι-

2258 21 2 29η ²3 o 53 21 S 1³ 26 7 46 2ι7η59 {gal-¹15² 12 47 6 45 2 49

2456 ιέωο 5Au31 7 ιο 28 9 19471449 2 54 o 20 1811 1³5³ 7 8

rav-0

2656141 12 6 1338 4 59 2955 2156

2442 7 56 17 36 19 37 1154 ινηιοο 28 26 15 22 13 47 ntur-E 26 56 17 ³9
2³56 14 27 22 54 251-Ιέηὸ 18 4 8 41 ἔωιῖιὸ 2125 20 27 6 9 §mgr 523⁷AE

8567 6255921218 1149

21³⁷ 2129 2758 2 29 245315471526 2844 27³7 1329 11 16 o 1

 

Tanau Gu-snn· Lffln Cmnr
2017 ν 147928035122171839511311207=79649

1⁷19 4 ²5 4 471557 6 2 2855 24421155 ι) so 2649 23 81349

ειιιιιι smum
1625 ¹058 6 6 25 8 1119 6 22 ο 18 1925 1651) 5 25 2945 21 3

 

1⁵44 17 57 6 5³ 2ι9ὣ45 15 56 ¹3 1 5 24 giss-7 22 45 1127 614114
18 29 22'21 6 18 ὁ 15 18 33 19 56 12 6 3,18 284012 18 38 1144

19191452531557 2135 26521635 4 02556187

7 25 017 1952 2425 {mus} 2045 1827 919

¹³ 59 2⁸49 26 51 25 12 16 58 24 52 Ι 1212
2122 Ι p 18 52 28 3 §.³¹25 19 29

Squ‘u.

5 36 233 2610 -οιαῃ 1034 2541
4 54 21³7 1814 19 9 12 2 ¹3 15 3 agn? mn

1125 ²3²7 2548 15361911 2 4ο 2557 ο
18 42 ²⁵ 22 ,ἔφηὸ 12³3 18 47

{5⁴43 28 24 1915 9 50 26
qm. Τιιιιι cunm.

31224218281425

 

¹⁰¹7 6 39 26 2 7 39 12 1 202⁶ 2854
ειμι-ι. ,ες-ιη..

17181958 ³ 9 Β 1 1919 155 5 42

246 1557 1145 119 2825 1401420

ειμι-ι. Amr· ι·-ι
2 16 ¹3 21 6 2ο 13 7 zgmxlo

¹053 27111516 2657 1646 14 7 1235 ι 56

 

 

 

 

1550 0 48 ,³ 59 2ο o 20491554 6 2 1748 2229 7

'‘23⁹¹'‘

