hmhwfflmma'

ἐ mrem Aprnl· uatus 1000 quun Augaeus 0
Pisce· Arta Tuum Genius· Cancer Leo

[125012501251112201231112ἡ

175158 18216 171827 125619 155211
185159 191841 18162 175317 162956

ἓ
z
41
2
3 195020 201616 191557 185016 17271 Ι
’4 20511 211351 201112 194714 182426
5
6
7
8
9

ssfflu unffi υὸῴ wssss mum
22 49 46 23 9 48 22 6 14 21 41 59 20 15 56
ηυω ἊΒΠ η5μ uaess nffi1

 

244653 25684 24110 233731 22196

 

254555 26457 245858 248517 251011
10 204457 27320 25567 25333 ²4716

>11 000 mla 400 &ww 040

12 284251 285813 275052 272751 26 218

w 445 ww& 204 ww& 400

14 0416824 orans& 2962136 mcffiaae 27 57 20

15 15915 15238 04259 0200 283432

16 2 38 29 25141 1 40 17 11710 29 582· 15
ο

 

17 55752 ’34844 25755 21417 04945
45640 44647 55455 31124 14717

508 598 ΗΗῙ 400 200
65447 64354 52950 5539 54220

159 102 omn 020 455’
85228 83741 72455 6595 55724
95115 98684 82255 75642 65456
105858 ’103429 92016 85343 75218

 

112945 118125 101757 95044 8501
12 28 41 122918· 11 14 51 10 4782 927 45
15 27 59 132712 121145 114420 1025 26Ι
mmm uno 405 aaa 042
¹5 25 35 1523 ⁸0 14 555 133750 122121
16 24 33 162052 15 227 143446 15 18 34

 

 

172551 155920 141614
Lm .

480

 

