1 82452 0 92829 21124 4 0541 7 02242 51268
2 912,28 4 10154 8 111835 12 02158 16 1916 11 21239
3 92756 1211119 17 0437 22 1737128 12517'22 22519

 

4101359 23 112053 29 02926 35- 1217 41 21013 34 31221

5102818 32 ’0040 42115747 222152 2225647 32324

ἱ5111056 48 01116 52 11040 56 2932 58 3155 56 4020

11Ημ50 ΜΗ40 ΗΜ60 ΗΜ1 1μ4ω 451
 8112437 5110222859 12056 56 22023 31213 57 41122.
‘91ww7ffi w99wsww9ffl 5Μ1 mmo& mmz
w 6Ή40 τμὸθ Ηη1ὣ wmo 4m6ffi 551
n wmssae υη40 ΗΜΖΉ μΜ1 ω11Μ wwr
12155222981831232124163 5310126640
0160 0248 501 4540 500 4600
0184 4566 400 0506 660 0115
15 22453 0 32840 5218 1 6546 622154 0 72532
15 31141 141516Ι ’51852 5 61627 7931 5 8134
17 32816 5 5149 6525 1517828 7255714 82918

’ 6218 25 895124 91442

ὅ

5758

8
2
0
8
0

18 41440 20

631132 753288 812621

45 Α

54

60

58

0564

,u 51443 61625 71713 50

62610 7257 58

52610

Β

wwsffl
8526 55

650
16826

7157
7641

”61414 71415 52 81456 45

 

6241 72545 30 828213310 043427101847

810127913821101627151134921076

Βᾶὸἒὲὃὲἒξὸἕι·

7716
uun·

72229 20 8134815 9219161011250 01119541102327
u· .Juu· .

8838 7 91221 5101549 311192510629 8 110'2·

82511 8 92847 111226 0 81186ίο85 0 0233 0 12642

ἒξῧὲἕίὲὲ-ῗξὲὃδ

91149 0101528 0111196 2,.. . 1943 1’...

 

———-——-— ——-

*Q*

 

