ἓέδὲἕιδέὲῗιὲὃδ

'Argumentum lunae adaequatum.

442444
0 750
02427
44053
Ι2447

244 47
22344
3 430
4 6 5
34420

32048

4343

44845
5450

' 52125' 3

,67500

72845 3 84546
8442711 4254
0048 21 04844
01553 88 10358
02850 46 404846
4084 56 402023
404333 60 44 643
101827'5'7 444423
402627 50 444725
44 820 08 442724
442250 24 04044
0844· 14 0263
02242 5 4044

44447 0 42847
42827 0 24526

2453 4 324
3030 1231838
44444 24 4454
425 86 42022
44444 49 544
44445 5⁹ 54444
44444 ⁶⁰ 54454
5444 50 5454ο
54443 47 6222

1 44454
640525
15 402433;
27 44640,
40 4440475
52 442040
58 4454
59 0044
55 04728
45 0200
81 44323
19 42023

24548

3224

4539

9
3
04445
2
8

4219
18 580
30 52252
43 6542
54 04444
59 64856
59 6242
52 7246

5444004
6025 22
4252811

44444 4
72835 0

64343 41
6275 28
7424416
2200 ’1

84534 Ι2

74546
8045
8466

9323
91917

·9²¹5⁰···

—-—-—-——— ---.-.--.

 

