Medius cursus Lunae in annis collectis. (³4 m)

{mmmm {mmmm {mmmm
aba! s{.=.8 nbat

. 1115141 9154344. 514214513

115639 91848
6173951 1103114

. 711411
11113644,
3205944 1027229 519542

36158 10111711

813330

1

2.

8
40115540
5511811
6

’1

8

9

Ξὸἓὲῗδέῧῖ

715 47 46 2214948

Β

081059 711114

1114141 4114111 11, 10 11 0

2414·16 817611 43811

6133656 Ι1 61853 8113048

. 10 22 59 37 529155 02155 25

10311117 1081440 51161

117245530 1174718 . 9134910

1204187 617154 . 231045

1³ 4134044 1119438 6113411

14811111 319544 10115657

1511153633 881811 ’ 314306

16 5 24 59 10 o 17 50 51 7 13 51 41

1711142149 510149 031516

 

1134418
19 761740

1114844 4111712 ’
119914 95111

 

ὲῄὲδὲὲΒ-ἓὲἓιὸἒᾶἓὲζὸ

2011154019 68311 1143336

21325255 47111514 5135613
2284251 1183101751 7111031840
2811265846 ’49 7195016 751155159
21 561111 50 1119131 ’16 751411

 

 

--...--—— Μ-- ——-——

 

