Tabula} Jouis.

 

 

 

 

 

 

 

 

 

     
 

     

 

 

 

 

 

 

 

 

 

 

    
   

 

 

 

 

 

 

 

 

 

 

 

 

 

 

 

 

 

 

 

 

 

 

 

 

 

 

 

 

 

   

 

 

 

 

 

 

 

 

 

 

 

 

 

 

 

 

 

 

 

 

 

 

 

      

 

 

 

 

 

 

 

          

 

   

 

 

 

 

  

 

 

 

 

 

 

 

 

 

 

 

 

 

 

 

 

 

  
          

 

 

 

 

 

 

 

 

 

 

 

      

   
   
  
   

 

  
   
   

nm) ¹ ’ ·

g Ξ 12 13 14 15 16 17 18 19 zo 21 22 23 Ι

Ξ ἒ ,ιη-ι, nnn-2 amas oum νειμ mm sem. 5.,1114 σφι-ι. Αψιιι mm· Arm
³}xmengmluxmae-‹mfn:mg-'mg-
' 10 28 51 27 56 26 30 27 42 0 2¹3 4 10 7 40 9 27 ιο 5ο 8 52 6 44 4 25
ξ’ 20 ζωῇ 28 58 27 22 27 25 29Lm19 2 54 6 52 9 41 11 5 1ο 45 q 2 6 49
² 31 3 17 (ξ’-’4112 28 57 27 56 20 :37 1 33 5 45 9 :³5 12 n 12 3² 11 ³² 9 29
1ο 5 36 2 44 gma7 ²9 18 27 34 0125 4 32 9 8 12 3¹ 14 5 15 4ο 11 51
m 7 59 4 51 1 45 29 58 28 7 23⁷3& 3 9 8 30 12 42 15 22 15 42 14 12
3⁰ ιο 2 ὁ 4ο 5 30>1is⁵5 28 24 28 45 2 0 7 28 12 37 16 26 17 38 16 27
10 12 55 9 1215 27 1 33 28 58 28 38 umal} 6 Ι 14 12 22 17 16 19 14 17 39

ι 20 15 xo 11 22 7 26 2 2 :q 57 28 32 29 50 4 57 11 45 17 59 zo 46 2ο 56
31 16 ³0 14 6 9 46 4 4ο amajo 29 55 2⁹ 2 ³ 30 10 44 17 56 22 11 25 1
ιο 19 4ο 16 28 11 56 6 28 2 6 29 53 28 38 2 15 9 32 17 48 23 Ἰ 9 24 49

ιο 21 55 18 45 ¹3 9 Β 26 ³ 33 ²22ss 28 34 1 2⁰ S 15 17 2 25 46 26 26
,30 ²3 43 20 55 16 24 1ο 27 5 15 ο 29 28 4ο 0 29 7 18 16 25 24 15 27 51

Ι 10 25 51 25 fi 18 58 15 28 7 1 2 2 29 18 [ὲ 6 5 44 15 20 24 18 29 1
ξ 20 ²7 8 25 9 zo 42 14 41 ι) 5 5 51 2307549 {3⁰:56 4 41 14 9 23 ⁵9 ²⁷31:le
31 28 ³⁵ 27 :3 ²³ 25 17 8 11 9 4 19 1 12 o 11 3 46 12 46 2³ 17 o 30
1οὲ ²9 44 29 1 25 28 19 18 ¹3 16 7 7 2 2ss o 36 3 14 11 23 Ὢ 23 o 42
m ἕης-’6 5..er 27 21 21 19 15 22 9 2 ³ 25 1 56 3 2 10 0 21 15 0 40
31 1 5 2 12 29 26 25 52 17 43 11 7 5 47 2 30 3 12 9 15 19 47 0 14

ι- 10 1 25 3 ²4 οω7 25 54 19 58 ¹3 21 7 56 ³ 44 3 42 8 ³2 17 13 ΞζΜέὗ
4 26 3 46 27 57 22 6 15 28 9 52 5 21 4 28 fl 11 17 16 28 32
4 5ο 4 7 29 52 24 30 15 52 1158 8 2 15 Β 5 16 7 27 13¹

5 13 5 18 1γηέ4 26 16 19 55 ¹³ 43 8 44 6 41 8 ³4 15 17 26 57

5 14 6 14 5 1ο 28 14 22 3 15 55 1ο 53 7 14 9 ¹³ 14 49 24 39
4 ⁵4 ⁶ 48 ⁴ 43 0¹⁴²'34 24 22 ιε 22¹ η 52 ιο 8 ιο 4 1424 2413⁴

4 22 7 9 5 54 2 xo 26 28 :0 3³ 15 21 12 2 11 ¹3 14 37 22 54

3 ³0 7 12 6 52 5 33 28 25 22 48 17 55 14 5 12 41 15 4 21 35

2 15 7 56 7 52 4 54 ἔφηῶ 24 5ο 19 5ο 16 ¹³ 14 52 15 48 21 5

Ξ 5 6 5 2 2 26 3 22 9 18 3³ 16 17 16 41 20 58

8 6 59 3 57 29Δ 5 24 26 20 42 18 15 18 19 21 9

7 7 5ο 5 E ἰςφῖις 26 49 22 15 2ο 37 19 48 21 5ο

³ 10 21 37 27 18 3 1 7 20 7 56 6 18 2 59 28 54 25 47 22 51 21 ³5 zz 38
Ξ 2⁰ 2156 26 25 1 43 6 27 8 7 7 15 4 5ο εζητ-2 27 57 2516 25 3¹ 25 45
ξ’ 31 22 27 26 15 0 18 5 21 7 41 7 55 7 1³ 2 26 ᾍῃυϊιι 28 59 25 33 ²5 ¹3¹
ιο 23 15 25 31 {3³⁷3 4 8 7 7 S ¹3 7 25 5 21 2 3³ ‹snmS 27 55 26 53

24 19 25 41 28 20 2 51 6 14 8 25 8 24 7 5 5 1 2 28 ἒΜ12 29 42

28 2⁵24 25 57 28 5 1 21 5 8 10 9 52 3 28 ὑ 42 4 24 1 57 ΞΨΖ

 

 

    

 

 

 

 

 

 

 

 

 

 

        

 

 

9215*

 

