’ Argumentum 1002020902111111,

110620 211955 4112656 211052 411754 2

¹ 2102254 7111262512 01552 7117511249 7

311010 18 01224 28 0294917 25622 2202816

4112438 00 027 9 85211525 28

5

6
7
8
9

10

0820 43
01847 53
02515 59
0295150
164152

11729 41

195148
1184 57
12516 60
12824 56
274 48

21955 85

12910 42

21756 04
505147
5920 56
51425 60
51928 59

566 28
5202 41
4057 52
475150
41228
41852

42911

42150
5054
5557
51054
5195
617

51140 01542

52815 18

11 212128 242022

7259

12 2165816 5202212

13 3315 ⁷ 61431 7185

14519502 Ι710
15 4751 0

16 42510 8 ¹

82120

8
28442
71744 0
8

8421 9756
92425

594010 82055 9

97 7 19 101020

92228 01
4411651

5254120
61057 33
6244 45

10 24 52

5010553

57 ιο1555 ⁵⁵
601022159

91549

7557 55 8244055 42540 111455

7923 60 9045 60 92829 111951

55102659 58112517

714458( 9522581045

4611555 52 0427

3811155 40

72148 51 91251 52 102529

8526 85 92415 89102625 01717

1217

81748 25 92054 2010854 2711115721 112915 17

0145515 11822

9540151076101024161511274410

92055102559 3111040 6 01410 81118 0 2454

2910656 1111116 0112716 11055 011755 122131

801025190...“.,015560....24520...

*as-‘—

,,,,,-........----

415014

 

