102150500492056901241552155912121041817
Ξ205412571551464874411851414151415441521052
155754372422 4806141080,14181644164415411318

99216121112122856926135811118181741150
{2011'508315293 52254 5810182317291950194813
*30 14910457 74ὀ2548146581225 1740 2112145 ²0²6

 

10 1620 ’1257 8 54 5 13 2 57 258 5 40 11191780 2156 2557 2244
ΞΞΟ 1852 1512 1052 658 3 32 282 524 10161658 2251 2511 2444
,81 2122 17461110 8 23 4 36 2 37 8 55 8 42 1611 2256 2649 27 71

10 2335 2016 1517 109 547 257 8 77251457 22582749 2Τ9 '

4¹:²⁰ 2541 2252 1728 124 7 11 337 2586181845 2240 2849 ow:¹

8
5
50 2749 2452 1940 1458 8 45 4 50 2 89 5 28 12242155 29 9 219
3

10 29m33 2644 2056 16 9 1028 5 41 2 55 456 117 2058 2924 5
{202m18273412410181412247 7558482956195029164,
8·15551Μ426562058 14558494544578551825285151

 

10411255 2845 2241 1654 10526214568151622885
{205 6444047250184512257585507511558278555
515466142562722214145092565575014422586547

41061675144024648251516591177458161884 2419452
,Ξ2061885561913125271848135910850181523248
ἥ806 19131111212614201995101091118322830

10'519943 8 8 512 2637 238 1716 1257 1058 1517 2114142
820 484 9 57 1014 6 54 2842 2527 1922 1431 1221 1550 20 5οΜ19
51 820944 11 2 8 290 &⁷45 2755 2144 1642 14 9 1456 1941 2857

. 10 2 6 915 1124 9 44 2 50 2940 2421 19 0 1558 1545 1988 2748
20 οω47882 1142 1047 5 7115 2614 2112 1752 166 2012654

80 2929 7 52 1186 1152 7 54 5 47 2822 2528 20 2 17 2 2041 2617

13¹⁰ 2811618 1112 12 o 8 51 5 57 18850 2545 2214 202 21 5 268

¹ 20 2724 4 55 1026 1215 9 54 7 15 2 40 28Τ 4 2450 2217 2251 2625
51 2641882919127 1058 848 440 033 26592452 24282659

 

9

410 26282178 91141 115 1014641 245 29621 2644 2548 2715
{20 2684 1 84 7 58 1057 1219 1057 8 24 4 44 254 2829 2738 2758
81 2790875289521258 1211015714420155 2849 2955

51027402982412842118912221126950657555157 ·
{¹20 28550 48197281154124012571158556524 9248
ν 28-2957 02528861710712871518 1228 1159 814559 4 15

 

 

