1032 10401049105711 511141122 1131 11391147 115312 41215

103710451054113111111201128111371145115612 212111220

10411050105911811171126113411431132121121012191227
10431055114111311231132114011501159128121712261235
1050105911 91118112811371146115612’51214111312331242
10531141114112311331142113212212111220123012401249
10391191119112811381148113812812171227123712471255
11 31113112311321143115312 31213122312331243125313 3
11711171127113711481158128121812291237124912591310

1 11111121113211421133123121312241237124512331351316

1115112611361147113712 8121812291240 125013113111322
111911301141115112 21213122312341243125513 613171327
112311341143115512 61217122812391249130131113221332
112611371148115912101221123212431254135131613271337
113011411152123121141225123612471238130132013311342
11341145113612 7121812291240 125113 31314132313361347
113811481139121112221233124412551371318132913401352
1141115212 3121512201237124813013111323133413451357
1144115512 71218123012411233134131613271339135014 21
11471159’12101222123212451257138132013311343135544 ⁶
1150122121412261237124913113121324133613481401411
1133125121712201241125313413161328134013321441415
113712 91211 123212431257 13 813201332 1344135614 81420
12 0 121212241236124813 0131313241336134814 014121425
12 31215122712391231133131613281340135214 414161429
12 312171230 1241123413 6131913311343135614 814201433
12 81220123312451237139132213341347140141214241437
010122123312471301312131313371330143141514271440
121212241237125013 21315132813401353146141814311443

 

