2 0454 010851 211116 4
802150 410256 811285712
18107581211112117
301024123 0055 29
4311810 32 0104142 ·
4911016 54111058 48 0111852

 

57 11657 59 111027 57 02756 59
8101506011115659 045060 1150 59
9101850 5611185 52 101153
10 101716 47 112855 41 11050 42
11111017 34 01124 28 2556 27
12 112515 22 01851 17 21010 18
13 01118 11 11440 8 5427
14 02749 3 1125 2 5112
15 11426 0 2185 0 4842
16 216 1 5541 3 41518
17 21740 6 52114 10 51151
1⁸ 34² 15 4714 5180
19 51945 27 41118 61515

 

2⁰ 4555 40 5552 61611

Β

41510 52 51450 7611
41128 48 51057 71150

Martius

4176 59 51516 58 71645
556 54 6515 ⁵0 ri· ⁷M²2ssf⁷

Februarius

5150 44 61450 88 8517

51755 31 61012 25 8105 0511511810 21 1056 20 t

6115019 7151114 ⁸ 0550151001810111152 1
6185 9 8057 5 01115 6102551 3112017 1
71456 3 81815 1 0515 310840 1111128 0 0167 ·

 

Γεεεεὲξεεὸεεῑεεὸ

8115 0 . 01151 0101550 011108 0

----.,- -- -—

510615

 

