 

 

¹3⁰⁰

¹408

Incipit tabula Veneris cuius revolutio continet annos 8, (11111)

44:⁷⁴
31

. 85¹ 144³

2ο 54
’325
²7 25 4 31

Oeam
10 42

¹7 55

14 43
2ο 31

ιο 17
16 26
22 44
28 5ο
nanu
4 28
12 17

18 17 4

24 18
9441
o 26
6 19
12 12

18 11

24 2

15 46
21 52
27 5ο
tvm„
3 53

cancer Tum

0 1
6 52
¹1 39

17 19
ru

²4 21

ιω
ο 6

5 55
11 38
16 56

⁴ 22 24

27 5ο

mun
3 13

8 28
15 36

19 41
cer

23 38
29 11

han
4 29

'85

12 5

15 53
18 28

7 31
12 2ο

16 56
21 18
25 18
29 37

Genii

²49

5 ¹7
7 8
8 24
8 10

'80

6 25

‘³⁵3

22 88
23 24

24 31
26 26

mn Ga&

26 57
ιω
2 24
8 32

16 ο

22 7
28 5
rma
4 2
10 11
1⁶ ³9

ο 19
2 12
146
9 34
13 34
18 14

22 57

28 51

cam
116

9 6
14 22
19 46
25 2
uo

22 ο 23 6 1 58

22 19

28 21
Anu

4 44
10 543
17 7
24 3ο

4 111,
1 6
7 51
12 574
19 18
25 15ζ
1 2ο’

13 7271
19 11
25 36
1 36
854

14 5733

-20 35,

26 56,
ιω ,

35⁶
9 18

 

 

 

