 

 

 

Tabula Martis.

...—..-.——.-——.—--..r..--.-...———.——-... ..- ———-·⁷ --·-- Ἣ-

8 60 61 62 68 64 65 66 67 68 69 70 71
Aquam 00011111 Pisces 0111001 Pinea Leo An'eae 1111111 ,42172 Sm- 721111 517112
502·511·2·102·51121111112·5012·

v310153118151501225187·.2⁴1835515819129033828
’8 ²20 2321 244 9 44 2310 ²⁶u²⁵ 2881 11 3 1222 2331 ιῌῗι 1028 {⁸14¹

81 2m51 7 52 1842 2733 429 2245 1916 712 417 3 38 1757 1014

10 930 ,123392637 οω33 12 4 2433 2634 5 14 11 3 3 58 2443 1623

Ι 20 1717 1747 4 24 3 39 1936 2713 334 155 1814 8 81 147 21·

302431231211118492622851104802215111134892611

1 Α21211·21122171·2)0 62121111·5.2) 2412
ἓ102392844183813104222321720402 22854 133221

Ξ201074Μ2326Μ618461333736243921083225122116343
, 3011757 1047 4 9 ²442 1927 1144 2 56 4 59 1618 282 282993

7103 cm

² 10 2458 1556 1142 018 2329 1639 944 820 230 2015 412 ¹²5

20 26 2249 1822 334 323 218 1632 1221 29381988 1126 130

⁴ 30 912 2838 2313 1136 1022 2751 2315 1713 6cm46 2029 1734 1287

10 1334 3νὶῑὸ ξφ 7 1829 17 0 3H48 2955 2226 1246 2322 2421 1084

820 2223 1128 8 47 21 1 2338 1012 6⁰⁸ 27 ²⁶4¹.⁴ 1847 268 0 &⁰45 811
81 ²91811441551¹L⁵539⁰4415615504592625m8 24856

10 ξω16 253'15 22178 187 723ω43 1937 1138 2 1’1036 3 32 14 3 884

{29111o1m4828m5115813190341714183191111212029158

31 1640 8 36 4 52 2240 2ο 5 8 6 3 5 2454 1330 1732 2729 217

5 10 2122 1336 1027 29 4 17‘04 1455 9 12 1Sl58 21 6 2419 3752 4 10

{40 2338 2232 1338 6⁶⁰ 341148 22 9 1317 8 38 2820 0 57 10 3 77
ω80 29 7 2933 21 4 1331 7 30 2333 21 3 1631 4Μιοο 7 42 1638 1059

ξ 10 fm54s 8 mz 2328 21 3 1240 {⁹⁸57 2959 zc3p46 1023 1448 2243 1326

Ξ 20 3 34 14 4 298039 99198 18 0 1415 2 32 1 15 1458 22 6 2839 1937

31 419 229 344 640 2331 2249 838932 231 2938 67 2629,

10 8 7 2928 6 33 1410 2733 ³2¹7 1413 1633 ²854⁵ 74911621 1218 2ΜΣο
Ε20112816111116832 21331338 4193233444 1427 1833823

⁷30 25⁸⁸ss 1426 9 43 2927 3 37 1336 2420 3 42 1032 2148 2434 147

0241081220

10 2848 2127855 7 8 10 5 2⁰39 ²234 111 1618 ²19st ¹ 1² 1935

20 2016892518141448 ¹11811931818112155740155 ²554
3111237575 3232512321058 12654215014451455551

4¹⁰ 1448 1347 1 29 1m21 12 50 18 3 1142 Pw43 {Wp6 2133 2038 1028

{20155023m322818915111823481431 1153813291‘27277 1⁶45
{31 1659 2 ’10192817 1737 920 41, 26 1633 207 1339 6 56 4ΨῚ51 243 ¹

Tm

4 10 199 948227 2613611 487 1211 1813 27u36 1812 147 1033 013·
ξ 20 2131 1749 2238 3 37 1 8 1948 1831 4m43 2²3¹ ²¹ ⁶ ¹⁶4⁶ ⁶ 88
28 24 9 2320 2214 10 7 21725. 2336 1618 1145 2559 2641 ²¹49 ¹²39

.-...------——-———...—..-——----—--——-—--—————-—- —‚—„..-

5126111

 

