10 6275125 9642949134716511814189 1943 1433 1216
Ξ2083474134263484412301641841193119316551436
311959851641616745112151718562949295419271715

ιο 1317 1922 7954 638 71952 1419 1838 2134 2237 2144 1949
{²⁰ 1534 1222 915 7 864584613618102239 2416 2451 2227
30175714281051755641752 1241733 2231 2539 2553 2422

10 2919 1537 1234 9 5 7 2 7 910341631 2231 2635 2748 2639
120 2241 1851 1527 1921 7 28 649 9 35 1517 22 9 2735 29κ5ο 2950
31 25 4 2122 1642 1949 8 29 6 45 8 23 1348 2121 2748 9 40 1m11'·

19 2725 2341 1849 1244 9 397 4743 1237 2033 28 5 2 273 81
imm 2937 2657 21 7 1539 1947 7 34 7 16 1125 1912 2747 3 37 457

30137 2882391726 12187597141022175327244 2635

’8396Ἵο44991Η89979999998913573

59510181Η124981Μ584911822844949

31664462822257175811258559114161434141951

Ι198166492ωιο26191949 1414 192 9241323 2249 3 37 1949

⁵20 934829 417 2832 222 1553 1121 959 12562130246119
311926912626112242218913119411236 20131281053

310 1954 1137818 3592632 2924 1447 1159 12591914οΜ141830
520 1112 1246 19 45 42849 2212 1635 1312 1326 1823 28Μ539δ
ὁ,31) 115 1336 1138 6 52 954 2442 1834 1443 1411 1815 2735 836

1829 1639 1836 256 612
1932 1813 19 7· 2457 437

19 1042 14 7 11 4 43 2 59 26312949ι1627 15131816 2629 7 24

{20 953 1428 149 19275 12746 2247
5185114271581287 3172512

2¹⁰ 7311461541 1331 9 1 3 52728 2239 1959 2919 2449323
{20 613 1329 1559 1438 1942 5 29 2942 2459 2151 2123 2455 2 26
κ30 453 1231 163 1539 1213 7 18 1849562711 2349 2249 2523141

19 335 1112 1547 16 4 1334 9 17 4 5 2922 2645 2439 26 1 115
292 910211521629145219546 814128182621275118

39 1488431412167 1519 1236 832 411 991639 2833 2828 124
,10 1267301313168 1612 1357 1924 625 5 195143 om1 148

201176261146153416261571211835535248145243
1311455371034143319311919141419398 8527343452

10 2135 8918133316121638151513919427435551532
Ι2ο 3 2451812 12131533165816161455124619148 6657
Η2834844672211714431721717165214321212197839

 

 

