Aequatio lunae.

-...—--—...—...-..

-77
12*

ιέ057015χ702550854045505564
8

finum

Μ 745 745 747 747 748 748 748 748 744 748 750 758 77

757 752 758 755 754 755 755 755 755757 757 758 77
7567587598087828783848486878

838485868889870811873 814875 8168

 

874 816 878 820 877 828 875 826 879 881 833 8848
870822 877 826 879 881 833 835 837 889 847 843 8
875 878 877 888 875 888 847 848 846 848 8577 8578
837 834 837840 843 845 848 851 854 856 859 929
10 837 840 843 846 849 852 855 857 9794 97 910 9
ll 843 846849 852856 859979599912975 9189
12 848 852855 859939699918977 920973 9269
18 854 858979599913977 921975 928937 9869
> 14 859 9897 911 976 920 974 928 9379986 94ο 9449

7
7
8
4
’ 5 84 870 877 878 877 878 878 878 877 sn 824 8258
5
7
8
8

15 95 99 973 918 977 927 937 985 940944 948 952 9
7 16 970915970 924979 934938 943948 95295610070
17 976 921 976 985 935 940 945 951 95610070510970

 

987 926937 937947 947 957 9587031087073101870
926 932 938 943 948 953 959105101010151021102610
937 938 944 949 9551007061012707810237079108470
957 943 Ι949 955 70 7 10 7 70751019 7075 1031 7037 1042 10
943 949 955 10 1 70 7 1013 70701026 7037 1088 70441050 70
94895470 o 10 7 70 73 1019 70716 1032 7038 1045 7057 1057 77
953 10 0 70 6 1018 7079 1026 70371039 704510527058 11 5 77
95810 570771019707410337039104670571059177 6111277
70 51010 7077 10247037 103870451052 705911 6 77731120 77
70 81015 7077 10297037 1044 7057 1058 77 6111377701128 77
70731020707810857043,10507ο58115777311207777113577
70781025 70331041 7048105677 41111 77791127 77341142 77

 

70731030 70381046 7054 11 2 77701118 77781134 7747 1150 77

9810478

 

