 

Aequatio lunae,

}{015101‚5202530354045505560

[144444 [ι 5444 gu gm [ι gm μ gm gn gm gn

ιι,52455448 440432 4244464944858346 838339

&assaessstfflaeae‚ss

57 50 453 445 438 480 422 415 48 40 353 345 338
542 55 458 451 444 486 426 422 445 47 4ο 858 346

’ 546 510 54457 449 442 435 Ι428 421 414 47 40 353

522 515 58 51 455 448 444 488 428 421 4¹14 48 4¹
544 520 544 57 54 454 448444 445 428 4²² 415 49
532 526 529 518 57 51 454 448 442 485 429 423 446
334 544 343 549 343 54 3 4 455 444 444 444 444 4²4
543 537 554 525 549 544 58 52 456 459 444448 43²

ζ 548 542 536 581 524 520 544 59 53 457 452 446 440
¹ 553 547 542 587 532 527 524 515 54955 459 454448

538 553 548 543 544 533 544 525 544 542 54 52 45ό
64 559 554 549 544 589 535 ἱ580 525 520 515 510 55

⁸ 54 5954555 334 545 344 544 333 524 544 549544

543 55 55 52 339 554 544 ’545 344 545 544 529 544
624 612 642 69 65 ’611556 552 548 544 540 536 532
524 944 544 545 544 54 54 59 335 552 544 545 544
432 525923 924 5444544544 5494559556 555559
637 681 634 628 624 621 648 615 644 68 66 61 558
643 687 637 684 634 628 625 622 649 616 6¹3 610 67

648 648 643 640638 685 632 680 627 624622 619646 ,

534 559 534 544 543 544 640 544 535 544 434 529 545 ’
7ο 656 656 654 652 650 648 646 644642 64ο 635 636
76 72 72 71 659 657 656 654652 651 649 647 646
7447979777675737279659658 656655
747 715745718743712749797877767574
723 721 724 721 720 719 748 717 746 715 744 718 742
728 727 727 726 726 726 725 724“724 723 72'3 722 724
444 734 454. 733 455 733 442 452 442 444 444 ⁷31 7³0
740 740 749 740 749 740 749 740 749 740 749 740 740

.--—-——-- ———.---.-———--—-—-—·- --.·--—

§0103 86

 

 

 

 

 

 

 

