16
17
18
19
20

Β

Ξ”ἓὲιδέῧῖἕ88

30

5 24 18 4
41949 12
4 26 46 23
5 11 23 86
5 23 33 49
6 1 51 57
6 6 52 60

’6 12 ιο 56

6 21 6 47
1148 64
7 18 40 22
8 4 46 11
8 21 15 4
9111 ,⁰
9 ²4 33 1

ιο 11 12 6
10 27 51
11 13 15 27
11 27 28 39

9841
ο 16 9

0 25 46

52
58
ο 2ο 47 60
55
45

1619

1 2ο ο 31
2 5 2ο 19
2 21 51 9
5 8 4 8
11411 ⁰

2

4 11 22

..u——

Argumentum lunae aequatum.

9811
9 ²4 52
ιο 12 56

10 28 12

11 14 42 10

0 15 49 33

ο 29 6 45

1 8 39 55
1 14 25 60
1 19 6 58

“ 1 26 50 51

2 8 28 35
2 22 5ο 25
5 8 4²· 15
11115
4 11 41 1
4 28 21 0

2 ιο 11 54

11144
7 12 5 11

8 9 11
8 25 5ο
9 11 8

9 25 4

’ 19119

9 27 7 29 10 13 20

9 9 22 22 10 12 58 17 11 0 3

9 25 34

0 ιο 28 30 0

3 11 15 10 l

0 1 46 0

14 ο ο 45 20 ο 18 9 15

1 5 58 25
1 18 17 39
1 29 48 51
2 7 26 58
2 12 8 60
11111 ⁵⁵
2 27 36 45
5 1ο 48 32
11119 20
4 12 8 a10
4 28 41 8
5 16 18 0

·12 ιο 28 55
4 11 15 29

ο 2 8

0 18 45

1 5 19

1 21 29

1644

2201'

2 29 51
3 5 42
3 10 24
3 17 53
3 29 17
4 13 39
4 29 18
5 15 42
6 2 18
6 18 58

8 11 16 2 α

2
0

Ἰ3

9

. 6 1 58 2 . . . .

-n-—u-——n— ...- -—-———.—

915844-

0 ’2 56
0 19 6
1 5 47

12222
1-841
11119
191

’ 5 2ο 51

5 28 52
,4 3 31
4 9 7
4 18 51
5 1 15 38

· 5 16 42 , 21

6 2 46 10
6 19 58 3

11110

10 12 54

10 17 30

10 23 54
11 4 13
11 17 51

0 3 17

0 ¹9 33

1 6 8

1 22 46

2 9 23

2 25 57

3 12 9

3 27 30

4 ιο 25
4 25 27 ἒ
4²73
5 1 41
1811
5 20 7

6 8 15

61911
1119
11111
8914

7 22 56 2 . .

 

