 

 

 

 

m 733 735 733 734 734 733 733 733 733733 732 732 734
770 780 770 729 729 728 728 727 727 727 726 726 775
726 725 725 724 727 728 727 721 727 720 779 719 778

743 720 773 739 743 737 743 773 735 774 745 732 711

776 715774718772711770797877767574
737707473737374737470354333357
767577727771658 657656 654657 651 650
71 70 353337 353334 352 337 353343 343343 643Ιὶ
637 333 333 332 353 343 343 343 345 347 357 333 3537
652 650 646 646 644 642 640 688 676 6841672 680 6281
647 645 645 641 678 686 674 682 670 627 625 628 677Ι
642 640 678 655 677 681 628 626 627 621 678 616 674
353 333 333 330 343 323 325 320 377 333 344 370 37
355 330323 343377 320377 374344 33333333
628 625 622 620 677 614 677 68 65 62 559 556 558
344 373 3ι7 334 343 33 35 32 556 333 332 549 346
679 616 672 ’69 66 62 559 557 552 549 546 542 539
674 373 37 34 33 337 555 330 543 343 339 533 5545
33333 37 559 333 551 543 344 543333 333 ⁵29 323
65 61 557 558 548 545 542 588 554 580 526 522 573Ι
66 556 5-52 548 544 546 576 582 528 528 379 515 511}
556 552 547 548 559 584 570526 527 517 572 58 54·
557 547542 538 535 529 524 520 575 511 56 52 4577
547 542 537 588 578 524 579 514 59 54 50 455 4506
54² 537 532 ⁵28 5²5 518 313 58 34 458 437 443 4435
578 588 528 528 578 518 5 7 52 457 452 458 4⁴2 437
585 528 577 518 577 58 57 457 451 446 447 485 430
529 524 578 518 5 7 52 456 451 445 440 455, 429 423⁵
525 519 574 58 5 7 457 457 445 440 484 429 428 477Ῐ
527 515 59 58 456 452446 440 470429 427 417 4775.

 

 

