 

 

 

 

Ζ

Saturnus.

ἔ10 6 20 17 2 2725 7· 42 4947 6 44 4446 22294 4 4443 2749 4661

4 ΙΞ520 6464746 2832 9 22 2626 4 49 4234 2345 5 26 17 1 2T9m1 ¹¹¹5

81 659 48 8 2943 1015 2422 2 32 4344 25 8 6 47 4844 0 23 424

46 7 24825 2942 4654 2242 3 29 4448 26268 44948 4 454

26 650 ¹⁸³⁰⁰1m⁰ 4427 2253 422 4554 2728 9 48 24 9 3 4

36 6851824 6 6 4446 23275 64646 2834 4629 2226 427 464

10 61518190 5 4456 2348 545 4738 2932 44362339

Carwnpl

{20 547 1746 2958 42 6 24 46 94849 6 29 4237 2444
301458171129321147 2446364859 4 42 4339 2556

547 181:
7 44945

822264

ἲ 46 4121684 28591120 2356 6 36 4943 4 46 4422 265919 34 245
5 26 885 1547 2820 1055 2886 6 27 4926 2 9 4580 2748 2029 28

36816150278410182896121917 2 42 4536 2827 4422 274 4

10158141126489842281545194223 45422859 425256
{201261325 2558849 21485 41842218 4547 2926
810881245258755205942818215015402932

¹² 45 255
43 4 2644

46 0181212 24807 720 6 8 82 1721 1 19 1522 2929 4326 2746

{20 0 41145 2859 6 24 1919 2 46 1688 ⁰9³⁹ 1454 2914 4332 2734

34 0 81188 2875411880158154229501415284618172

510013118023451817541 8145628421330281112582111
Ξ2662444442645 64726666444425622462722 2226246

Aquarusi

’80 4 0 4453 2343 4 54 1718 2958 1826 27 8 1147 2644 1149 2752

4ο 4 34 4222 2326 458 1722987 12512640 1102558 114 2615
2ο 2 22 4256 2349 5 42 47 3 2928 1287 26 8 1016 25 8 1015 2588
36 3 49 4346 2429 5 36 4747 2924 1210 2581 9 88 248 911 2441

8
6
Ξ

10 4 42 4446 2544635 4739 2985 12625159 02880825 284
Ε20548 4538 268655 4845 2955 4242588 42254750 2251
80629 4646 275746 4856629 4235 254288222807 5227

46738 4748288842 49464 843225298322215784217

“ 2ο 4448 4857 2646 645 2044 1 52 1141 2552 845 2245 6 14 2⁰28
q 34 4644 2646 ‘3⁸⁰3ss 1051 2453 3 6 4433 2634 9 44 22 2 6 6 2053

410 ¹¹²² ²¹2⁸144129230433 Ι526 7 647 22426 62644

{201229224225411202110511¹544¹⁰³0²³¹⁶⁶³⁰²⁰¹⁴

¹²31 ¹1412351-11014422511 62365· 2645 Ιι252556257

*nn-m . -..--————-—-—-

Ι4046 4443 24 4 5 28 46 6 2646 7 42 4854 6ΛΜ3ῐ7 4226 2449 7 37122654

26 4546 2647 6 36 4746 28 218 58 2646 4 47 4333 2546 8 36

Ξ228464265572648828599592481-2424436263894

24 25

2211

————-————————-——-——--———- ——---———.— ——u——nw

941021

 

