Sum.
10 [131111 [ι gm χι gm gn gm [ι gm μ gn μ

0116111

1 1146115612 61216122612361247125713 7131713271337131
2 1143115312 31213122312331243125313 3131313231333131
3 1140115012 91210122012301240125013 013101320133013Ι
4113711471137127121712271236124612561361316132613
5113411441134123121312231232124212321311311132113
6113111411130 12 012 91219122812381247125713 6131613
7 ,

8

9

 

112811381143115712 012151223123512441253132131213

112511341143115312 212111221 123012391249123813 713

112111301139114811571261216122412331242123113013
’ 10 11181127113611451134122121212211230 123912481215713Ι
11 111411231132111411130115912 81216122512341243125213
12 1111112011291138114611551241213122112301239124812
13 117111611251133114211511139128121712251234124312
14114111211211129113811461155124122212201229123712
15 1101181111611251132114111301158121612151222123112
16 105611411121121112911371146115312 7121011216122612

 

 

17 10531111191117112311351142115011381261212122112
· 18 1049105711 511131121 112911371145115212 012 8121612
19 1045105311 111911161124113211401147115512 3122112
20 1041 1049103711 41111 11191127113411411149113612 412
ι037104410321059117111411221129113711451132115512

Β

103310401047105411211911161128113111381145115212

 

1029103610431050105711411111119112611331140114711
102310321039104610531101161113112011271134114111
102110281033104210481055111119111311221129113611
1017102410301037104310501056113111011161122112911
1013101910231032103810441031105711311101116112211
10810141020-10271033103810431051.1037113119111511
10 310101016102210281034104010461032105811 3111011

&83238-&51‘2323

 

30 Ι95910510111017102310291034104010461052103811411

L———d

4110821·

 

