1 mu) 1408 Saturnus.

 

''rme-smA-zfflau

:gn-‘ff 1ο 37 5ο 17 18 o 7 13 23 26 51 10 36 24 ³6 8
n 23 11 55 23 54 1 18 18 1 3 14 5 27 17 10 49 24 30 Β
2 Β

1471323 2520 221939 15128011314368

 

 

1116 1 28 110122 8 4 29 17 5 ἷςηέρο 1229 2526
a

Β
19 1712 2926 11'23 233⁰ 5 45 18 6 o 40 1321 26 5 8

m 1145142640 39 2052 3 171611 28451148 2456 8

 

mm

21 18 22 ο 36 13 43 24 5¹ 7 5 ¹9 ³0

1 47 ¹³ 55 29 ¹³ ⁸ ²7 20 49

14 ιο 32 3 7 15 23 27 43 ιο 3 22 19
4

55 14 18 26 51
2ο ¹9 27 fi 15 24 27 47 1ο 13
3ο 16 46 28 58 11 11

1
³
4
53 2127 7 16 35 2859 1122 23 42 5 52 18 2 nisan 12 7
20 22 7 5 ⁶1.. 7
8

 

11742 o 121239 25 4
5 46 1839 1 241356 2625

13 19 8 1 181316

42 22 42 33 2ο 38 2 29 14 26

 

51 23 6 6 251929

2
48 2318 6 54 zo 9 3 zo 16 8 28511112'2319' 5121656

amr

5³ Ι5 4 ²739 9 ⁵5 ²¹57 ³ ⁵² ¹5³9
1714 o 41232 2444 6 401823

292319714 20434 6

 

10 21185 818461561445 277916 2054

17 ²¹ 7 4 4³ ¹8 4 1 4 ¹³41 2556 7 ⁵⁶ ¹93⁶
2112 5 251918 411546 28 6 1027 2221)

ω

 

0

21 0 5 29 19 38
20 ³7 5 19 19 47
19 59 5 5 19 44

16 16 30 ²22⁵ 1133 23 3ο

1716 ο 51231 2437
¹739 0471327 2538

 

11 19 19 4 ³1 19 2⁹
4 18 19 3 21 18 31 3 52 19 2
17 34 2 3 3 18 22

17 58 1 19 14 11 26 34
18 2 1 42 14 44 27 18
17 55 1 52 15 11 ²7 59

 

16 57 1 16 42 2 1³ 17 40
16 m 0 15 56 1 16 16 53
16 13 0 28 15 16 0 27 15 57

173137
16Ζ2113

15 28 28 4ο

ΝΒΝΜΦΙΒΦΙΦ

1735 1 ⁴13 1525 2825
1513 1346

 

 

αοι-ωωωωωωωω

16 ⁵ ‘'m-⁷ 1⁴³8 {333 15 5 1541 o ³9 1452 2⁸:3⁹

1611 29⁵7 1411 2911 1417 Β 1456 0 0 14:30 282³

cuum

163029014428321333 1356291713452752

Κ ιο 2ο 1
2ο ²⁰³7

31 21 24

16 57 o 13 1³ 55 28 13 12 5Π 1³ 8 28 16 13 2 27 15
6 1737 o 38 14 4 2813 1236 1227 2724 1214 25:³2
18 27 1 19 14 29 28 9 12 21 11 ³9 25 31 11 15 2⁵ 40

oca-n μω»

 

7 19 22 2 1 14 59 28 28 12 20 11 5 25 51 10 27 24 4⁷
zo 23 2 58 15 41 28 54 12 3ο 10 48 2⁵ 6 9 5³ 23 58
21 26 3 41 16 2ο 29 24 12 52 2⁴ 55 2³ 20

 

 

