10 14 26
16 26
81 18 48

15 59
15 15
14 58

15 22 19 84
18 10

16 57

28 12
22 8
20 48

15 51
14 12

14 45

25 51
25 87
24 51

26 46

27 5ο
28 16

26 7
27 43

29 22

24 56
26 48
29 4

Pam
0 59

2 46

14 4ο
16 19

,4911111111

0 34
1 26

1 57

18 2

19 54
21 52

7 10 20 52 16 7

15 27
15 11

20 28
18 28
17 9

15 48
16 58
18 25

15 o 24 6
28 0

21 46

28 10
28 1
27 41

1ο 25 11 15 18

5ο 25 28 15 5ο

4 2ο

10 28 49
{20 0 14

16 40
18 41
19 14

16 17
15 87
15 12

20 81
19 14
17 57

23 57
²7 3
28 59

26 44
25 49
24 28

19 57 6 1ο

21 44
23 47

2 21
2 20
1 46

15 12

15 29
16 4

644

¹ 81 2 47 7 32

Cancer
0 51

3 7
5 39

17 8
16 25
15 4

28 5
22 47
20 82

1 14
0 16
29 “5

16 57
18 6

19 24

24 46

27 Μ53
ΟΜ 3

1611
23 1ο 7 15
⁰9 ²3

20 52

22 33
24 5ο

15 2ο

15 37
16 8

11
8 17
81

26 18

28 2ο

10 11 25 19 49

18 58
18 26

27 45
26 26
24 19

7 84
6 47
5 84

7 57 16 ιο

9 49
12 ιο

2 15
441
614

21 27 16 59

18 8
19 35

Ξ 420 15 19 21 58

24 41

16 25
16 58

Ι 17 53

19 ιο

81 15 15 o 56

18 20

18 44
19 14

2 48 2ο 8
5 o

7 23

24 8
28 6
22 41

421
’12
111

26 54
28 4ο
11

9 13
11 8

13 29

2 2ο 187
5 31 19 15

16 8
17 59

22 52

1 η6 24 54 2ο 28
410 2ο ο

2

³2²⁰
80

15 26 5 8
5 18

7 31

22 88
22 48

23 3

0 m37
29 80
28 46

26 55 20 22

19 29
2ο 49

21 57

9 32
11 59
15 41

22 4
25 5ο
25 42

2ο 27 17 22 29 o 21 12

Scorpius

2ο 45 19 2ο 1 5

22 33

, 1ο 20 84
20 8
51 19 1

28 27
28 20
28 10

44 41
25 17
41 11

2ο 5ο 15 55 26 52
17 29

19 15

9 11
1141
1114

3 13
5 34
7 43

24 4
25 52
28 26

23 59

25 4
26 29

2 2ο 21 5ο

23 4

26 49
8251111.
2 11

28 84
28 7
22 28

Ι 10

221
2

80

ιο 14 20
2 2ο 18 4
ξ 5ο 12 8

18 15
17 52
15 40

25 52 2ο 48 10 1

24 21

24 45

4²⁹ 58 28 5
02 w5·

4 23

15 53
17 42
19 22

4 24
6 58

855

29 27
ο 25

1 35

22 7 12 10

¹4 17

29 52

14 16 1 Μ45

21 28
20 20
18 57

24 41
24 25
28 84

16 4 5 8
4 41

6 41

611
8 56

11 51

24 4
24 35
24 59

20 54

22 12

23 25

11 9
15 22

3 41

5 59
8 28

18 5

19 57 15 41

11 24
10 58
10 52

17 89
16 9
15 14

a10
{20
³¹³1

22 86
21 87
20 12

24 54
2434
28 50

24 12 21 5ο 18 43

1ο 51

15 46
16 7

17 44

19 39
21 39

10 47
15 8

15 47

24 42

25 2

22 51

18 5ο

²4 9 13 20

7ω unmffllss9fflffiuffl257wwmm188wfl
Δ g 20 11 40 14 2 17 42 21 8 24 86 25 28 24 44 22 42 2ο 5ο 18 ο
²& Hffifflffllffilfflffluffl²mswwmffi²ss1mss

...-—--—-.-—...

411911

22 2ο 2ο 4

24 46
27 21

22 51
24 53
29 4ο
1 Ν56
4 4

27 2ο
4911
4Μ1
61
81
111

4 26

644
9 6

11 25

12 47
15 40

1112

13 13
15 ο

14 2ο 16 57

14 28 17 59

14 5ο
14 87

18 58
12 52

2ο 16

2ο 55
²0 55

11 48
10 81
9 10

20 48
20 24
19 41

7 52
6 48
5 50

18 40

17 26
15 59

5 14
5 2
5 10

1441
1124
1222 ’

11 44
11 14
11 6

5 35
6 17
7 11
8 41 11 27
11’55
12 47

1ο 14

12 17

14 4 1116
16 4 15 17
17 46 16 571

 

19 15 . ’

 

