1172 3 01020 6’02730 31248

11232510 0265215 1143 . 489
Februarius 11111111 a·

003121 2010 4²41

02435 33 21421 5111827
uun· 1 n·

1733 46 22820 52014
11652 55 383 5288

 

12226 60 31344 6258
12617 57 31839 6833
2510 50 ¹ 32615 ὁ1755
’ 2172 88 4750 ⁹ 7055
3130 22 42212 ‘ 7160
3172214 581 6283815 8127
4251 52542 71414 ⁶ 818511
42024 6111 8138 l 9515
575 62741 ’ 81817 0 92156
525411 7141 4555 41118511
6100 8046 0212511102450
626 7. 81648 01046 2810727 28111020
71044 0135 10337 41102220 85112427
72256 01358 101420 5211458 48 0 523
8110 02234 10215 59111352 56 01240
8624 02743 102538 59111857 60 0172
81137 0118 5210253 11215 5811247 57 02320
82031 02153 41101131 11124048 0112 49 1337
0310 8410545 28102357 112628 29 01444 86 11612
0182 22102120 1611843 0115017 02024 28 2238
2710441111738 7112444 02814 8 1155212 21853
28 102036 4 112413 2 01114 8 11440 2 2130 4 3535

 

2911713 0 01053 0 02753 0 2120 0 21827 0 3227

8011231181... .114311... .3571...

 

ffl—

1092«-

 

