3:22, Argumentum lunae aequatum anno domini 1315-16.

, 10555514 ³ 11155 6 4551 ³ 5115 6 51432

ς 22942 11 4202910 5255811 6115
51552 mm 15³ 6b38 20 6 958 25 62652
semer

’4059 52144 32 6242 39 71228
7441444.

41554 645145 72513
425 81 61420 55 5111555111

141851 ’ 61956 60 11111
, 5551 62446158 8161

 

’511511 7252 51 82335
51514 · 1141188 951
6154 24 1181115 , 91917 ¹⁰²²²¹ 7
1054 11851 1

’ὃὶ

6154814 ’ 81411
7716 Ι5 9052 102127 ”²5¹
72651 0 , 91728 1183 0111417
81551 0¹· 1049 112443 ⁰²⁸²¹ ⁹

. 102043 01120 11456

91554 7 11713 02650 2114

112515 1351 ²¹⁶5² ³

0 756 12842 5 047

5

1

0
4
12.
23
85
48

, 02016 21117 511411 “

Εὖ

02845 2202 51854 ·

,11125160 2257 32315 ’
1 3019 31954“

1848 4 656 2

411175156

3216 4²335

42248 52518 11

5819 61151 2

 

5²4 50 6¹28 31 1

μορῖὸἓὲἶέῗιὲ-ΞᾈΞ

48

85
454414 ⁵91 :f

12

4

'⁸0

l

, ‚ 61157

 

