 

 

7211959
12150 ⁵4
51815440

82128 ω’

’0554 10

112952 9
111225 14 01544
112816 25Ι 117

01244 35 11435⁴

 

3 ²² 53 8 4 26 27
Aprm· mum

s· 4050 05159 ⁰
Μώιο 1 . ,,,,,

7225 21

71722 34 9810 33101025
8015 44 ’ 92158 46102151
892556 91854 5810055 55162919
81450 00 0284159106140011550
81945 5710212 5310110 5711952
82750 5010847 44101852 50111941
9941 37101212 3111051 38 0 258
92421 24102755 19111152 25 01815

9257 910102518111245 9 005514 1425
965 410942 2102645 5 0015 2 01720 5 12056
102620 0 111519 9 01657 ’0 1 555 1 2 754
11258 2112957 ·0 1555 2-12056 22415

01655 5 1209 8 2712 - 51050
13 212418, 5214
24 22151 41235
36 5528 42420

‘ ⁴⁹ 51541 ¹ 5144

32202 51337
52648 5187
4222 52454
41441 0550
5285416 ’ 61918
51412 ⁷ ψ ι1450
6051 2 7218
6176 0 8145

7546 8 82425.

 

