1⁸8m8·8“¹⁸

ι,10182313291882027 2410 2754 91619 9182839 2613 233
Ξ202921184318291950 2253 2709321322 2943 28492611
31 2221 29131849 1919 2038 2537 2943 2 28 3 413 61182831

Tm

10 2449 2142 1944 1913 2040 2416 2858 2 333 93 3 349118
Ξ2023123492ο3219291956 2310 2759 2 536 163913 54 116

30 29182338 2291931 192321532646228642840 8 961

720 3 39 2946 2321 2123 1933 20 6 2412 055 3 19 1118 1218 1949

² cancer 593111.

10 ιθω34 2362339 29341920 2055 2529153311933Ιιοι4ζ824

31 6 392 82329 2239 29 1 1936 2249 29407 6122914141318

6411212622131194321625554413913291313

19 843 4 23 2916 2423 2943 1928 2152 2724 6 39 1233 1333 1311
1311 8 33 3 26 2348 23 6 2ο 3 2040 2550 4 39 1329 1828 1911

10 1364 1113 3 33 2949 2439 2931 2033 2444324 125919212933
ἶ520 13 6 1323 3 48 4 42 2618 2133 2941 23462 41222 1931 2224.
31 1911 1343 1916 6 4 28 3 2313 21 8 2315 0 38 1118 2913 2348

Ξ 19 2949 1343 1226 8 8 91 2443 2131 2312941 108 20 8 2433
3292216194314431992 22616 2234 2319 2884 8 51 1945 2343
¹ 31 2334 2142 1643 1241 4 6 2822 2319 2333 2750 7 25 1840 2633

{2⁰ ²459

Ξ 10 2428'2348 1844 1439 6 23 om& 2333 2429 27310 81758 2556
2444 2931 1339 8 33 ,2 22 2323 2311 23325 31641 2516

30 2323 2333 2232 18 2 1939 4 23 2918 2632 23384 81521 254

593111.

19 2326 2634 243 2939 1239 633 1 13 283 2834337143 2411
Ξ 29 2582332 2333 2233 1313 846 3282943 29263281346 230

consumam
31 2435 2336 2633 2431 1331 1114 343 1 43 9463321140 2144

2 10 2342 2747 2339 2323 1922 1323 757 4 1 1 144191052 2021
{2⁰ 2236 2727 2831 2339 2114 1336 1919 333 332444361031 197
30 2142792834 282 22128 1841 1223 8 3 332 6·1 1023 180

31019472620293280243319441441 10201501201041 1⁷⁵
1911199 2517285129402557 2141 ¹⁶55 1215911811 ¹1¹2 1911
331 1718 2428 281129321242337¹9²015-612201051”51⁶⁸

101628 2240 2723 2911 2813 2313 2123 1639 1438 1249 1313 1613
2015522124 2626 2858 2826 2641 2326 1939 13 4 1433 1436 1644
Ἶ311537 2010 26 2 2824 2911 28 2 2329 2216 1939 1319 1623 1324

³ 1545 1916 2336 2744 2921 291 2314 21381933.1812 1823
201671835 2217 2639 295 2949 2844 2611 2429 2136 2912 1933
1 28 1637 1814 218 2325 2839 2343 22 3 ²054

 

