 

ἓ10 2026924 932 1120143218312122 2234 2213 2042 2826 2623
20 22 29 2038 2033 1052 1329 1719 2056 23 9 2343 2247 2049 2836
31 14442223 20491038 12191455 20102329 236 2438 23362120

20 276 2422 2232 2049 1135 1446193 2330 2642 2653 25 42 ²331
ἔω 2932 26 8 2320 2220 11 5 1317 18 5 23 9 2650 2831 ’283 280

30 2242 289 2434 22301053 12271645 2239 2723 2936 om1 2820
10 24 6 2028 2628 2232 22 7 1141 1530 2130 2727 1Ρ”21 2 38181314
820 26262230 287 243 2229111114172028 27122 32 43 234

31 2839 2437 2030 2340 22 22 1058 1327 19 5 2639 2 44 3 34 4 23

20 16888514 2714 2218 2723 2314 11101221 1746 2545 3 2ο 6 58 723

ἑ 20 3 25 {2⁶33 '²44⁶ 2839 2428 2232 1152 1635 24243 9 8 5 9¹1

30 3 33 2136 2633 2030 2332 2222 1138 1525 2329 2 40 8 33 2033

———---——

Σ

10 7324212849 2233 2726 2320 21461435 22112 5 9261224
{20 9 34 6 202 22322 2922 2424 2210 1359 2053 1 mm 9 40 2342
31 11 13 8 3ο 3 28 27 26 22 27 2337 1232 1345 1939 2940 9 44 2443

-.-—-—--—-——-——-—-

3 10 2242 9 26 3 39 2938 2328 2734 2330 2333 1812 2725 9181322
1820 23 37 1216 7 44 2Μ402 24 22 1931 ·15 7 1414· 1755 2617 8 28 2348
³ 32 2438 24 3 10 04 32742 2228 2634 2436 1739 2534 7161334
—·-———-—-———--————--—---—-=——“—...-

2³1⁰ 2332 1332 2236 6 32 29m51 2329 2822 2334 2740 2438 6 41540
Ἢ201550104813118 01Μ5141410011018521 0440251
“⁰²30 2336 2747 2328 2029 4 22 2742 22 3 2830 2840 2327 322147

ξ 1ο 1540 2830 2644 22206 28 2932 2420 2022 2940 2318 2 101258

20 15 0 2834 1734 24 3 8 22 2 3 2616 22 9 2048 2332 1 18 1143
32 1359 29 4 29 9 2346 2034 4 29 2842 2423 2220 24 0 0191013

Sa agiu.

31012551850105017811180510551210155014452950857

{20 11401823 2021 2823 2412 843 3 8 2829 2343 2332 2953 750
²⁰30 10201733 2019 2926 2449 2043 323 oap54 2732 2722 8910129 650

20 9 21632 2016 207 1714 1243 7 3612 58 2955 2848 0 45 ⁶²3
8207551420195020291829243794732829036139612
32 65713511357 2043 2933 2629 224 730 438 239 2 39 623

————..- ἵ

5520 6 811221744 2040 2033 2838 1337 1223 9 21 6 36 6 1 7 28
8316 13102815401912203816302061447 1137 9 23

82823

3 10 6 39 9 36 1412 1819 2034 2047 2823 17 7 1418 1143 1014 939
Ξ20 7 27914131 1732052112 2943 2971649 247 12 9 1110
28 8 2912 12715541920 2123 2240 2031 2830 262 13331236

021816

,Ξ 10 621 1232 18 1 2030 2013 2743 143 20 8 6 48 4 40¹4 23 639

 

