Argumentum lunae aequatum.

.- ., ..w-„w ,,, —m

 

63255

7322
42125 19⁴ 31313
5748 31 72956
52635 44 83235
6638 54 182657
6626 59 ’ 82556

6335 48 9656

 

63337 82 ⁴ 9047

10 462926 40 92154

11 71333 2⁷
12 72935 16 ⁵ Ι , 362524
1³ 81556 ’7 1¹940
, 14 9327 136449 332626
15 , 971853 0 362229 6356
16 36527 333946 62943
17 362359 17 332525 3365
18 93725 2236265 31338421 6337 41140
19363236 3533425 4133255 39 62534 2198
20 363454 47 33 3539 ,52 6 552 46 3625 227216
21362548 56332226 59 63459 56 33557 ’ 5454
22 362854 60332658 59 62624 60 33937 3934
2³1143 57 6536 54 62526 58 32422 53529
24111126 49 63555 43 3528 49 2426 52523
25111740 36 627836 33528 37 23752 4828
26 692623 3325418 32953 24 5535 42555
27 6253812 32849 8 2355613 53926 5364
283346 4 23553 2 5224 5 466 52657
29 32825 0 525 0 5396 0 42258 · 63535
3023551....45460....

 

